scanindex,rettime,mz,intensity,organism,isotope,condition
23,3.698,458.6466,115,RLUS1353,12,GLU-1
496,3.703,431.2764,106,RLUS1353,12,GLU-1
496,3.703,432.2908,262,RLUS1353,12,GLU-1
496,3.703,434.2282,152,RLUS1353,12,GLU-1
496,3.703,435.1632,334,RLUS1353,12,GLU-1
496,3.703,435.2164,144,RLUS1353,12,GLU-1
496,3.703,436.2427,246,RLUS1353,12,GLU-1
496,3.703,437.1685,197,RLUS1353,12,GLU-1
496,3.703,439.3493,405,RLUS1353,12,GLU-1
496,3.703,440.352,188,RLUS1353,12,GLU-1
496,3.703,442.2976,200,RLUS1353,12,GLU-1
496,3.703,448.2822,577,RLUS1353,12,GLU-1
496,3.703,449.2866,243,RLUS1353,12,GLU-1
496,3.703,449.3853,142,RLUS1353,12,GLU-1
496,3.703,450.2997,1663,RLUS1353,12,GLU-1
496,3.703,451.2974,453,RLUS1353,12,GLU-1
496,3.703,456.2734,142,RLUS1353,12,GLU-1
496,3.703,459.3028,160,RLUS1353,12,GLU-1
496,3.703,464.2867,413,RLUS1353,12,GLU-1
496,3.703,465.2816,153,RLUS1353,12,GLU-1
496,3.703,466.2988,1301,RLUS1353,12,GLU-1
496,3.703,467.2948,192,RLUS1353,12,GLU-1
496,3.703,468.3114,506,RLUS1353,12,GLU-1
496,3.703,469.3209,106,RLUS1353,12,GLU-1
497,3.71,431.275,140,RLUS1353,12,GLU-1
497,3.71,432.238,850,RLUS1353,12,GLU-1
497,3.71,432.2856,251,RLUS1353,12,GLU-1
497,3.71,433.233,177,RLUS1353,12,GLU-1
497,3.71,434.9841,117,RLUS1353,12,GLU-1
497,3.71,435.076,102,RLUS1353,12,GLU-1
497,3.71,435.1662,392,RLUS1353,12,GLU-1
497,3.71,436.1538,161,RLUS1353,12,GLU-1
497,3.71,437.1692,214,RLUS1353,12,GLU-1
497,3.71,439.357,439,RLUS1353,12,GLU-1
497,3.71,448.211,193,RLUS1353,12,GLU-1
497,3.71,448.2812,1240,RLUS1353,12,GLU-1
497,3.71,449.2827,487,RLUS1353,12,GLU-1
497,3.71,450.2989,2080,RLUS1353,12,GLU-1
497,3.71,451.3084,547,RLUS1353,12,GLU-1
497,3.71,452.3078,182,RLUS1353,12,GLU-1
497,3.71,453.176,179,RLUS1353,12,GLU-1
497,3.71,463.2818,134,RLUS1353,12,GLU-1
497,3.71,464.2796,317,RLUS1353,12,GLU-1
497,3.71,466.2906,839,RLUS1353,12,GLU-1
497,3.71,467.295,268,RLUS1353,12,GLU-1
497,3.71,468.3085,649,RLUS1353,12,GLU-1
497,3.71,469.3018,162,RLUS1353,12,GLU-1
498,3.717,432.2384,3088,RLUS1353,12,GLU-1
498,3.717,432.2948,164,RLUS1353,12,GLU-1
498,3.717,433.2418,1076,RLUS1353,12,GLU-1
498,3.717,433.2914,208,RLUS1353,12,GLU-1
498,3.717,435.1718,281,RLUS1353,12,GLU-1
498,3.717,436.1608,139,RLUS1353,12,GLU-1
498,3.717,439.3553,178,RLUS1353,12,GLU-1
498,3.717,440.1643,107,RLUS1353,12,GLU-1
498,3.717,442.2928,195,RLUS1353,12,GLU-1
498,3.717,448.2868,991,RLUS1353,12,GLU-1
498,3.717,449.289,438,RLUS1353,12,GLU-1
498,3.717,449.3918,113,RLUS1353,12,GLU-1
498,3.717,450.3002,2853,RLUS1353,12,GLU-1
498,3.717,451.3014,1037,RLUS1353,12,GLU-1
498,3.717,452.3084,327,RLUS1353,12,GLU-1
498,3.717,456.276,119,RLUS1353,12,GLU-1
498,3.717,460.234,123,RLUS1353,12,GLU-1
498,3.717,462.2333,105,RLUS1353,12,GLU-1
498,3.717,464.296,581,RLUS1353,12,GLU-1
498,3.717,465.3148,155,RLUS1353,12,GLU-1
498,3.717,466.2982,928,RLUS1353,12,GLU-1
498,3.717,467.2988,390,RLUS1353,12,GLU-1
498,3.717,468.3134,618,RLUS1353,12,GLU-1
498,3.717,469.0817,128,RLUS1353,12,GLU-1
498,3.717,469.3159,105,RLUS1353,12,GLU-1
499,3.724,432.2378,7871,RLUS1353,12,GLU-1
499,3.724,432.2925,525,RLUS1353,12,GLU-1
499,3.724,433.2384,2210,RLUS1353,12,GLU-1
499,3.724,433.2962,147,RLUS1353,12,GLU-1
499,3.724,434.2454,344,RLUS1353,12,GLU-1
499,3.724,435.1665,491,RLUS1353,12,GLU-1
499,3.724,437.1672,325,RLUS1353,12,GLU-1
499,3.724,439.3556,236,RLUS1353,12,GLU-1
499,3.724,443.0906,116,RLUS1353,12,GLU-1
499,3.724,443.2044,108,RLUS1353,12,GLU-1
499,3.724,448.2784,722,RLUS1353,12,GLU-1
499,3.724,449.2877,190,RLUS1353,12,GLU-1
499,3.724,449.3846,105,RLUS1353,12,GLU-1
499,3.724,450.2996,4849,RLUS1353,12,GLU-1
499,3.724,451.3044,1881,RLUS1353,12,GLU-1
499,3.724,452.3058,411,RLUS1353,12,GLU-1
499,3.724,455.2278,101,RLUS1353,12,GLU-1
499,3.724,456.2799,251,RLUS1353,12,GLU-1
499,3.724,460.2334,309,RLUS1353,12,GLU-1
499,3.724,460.4907,105,RLUS1353,12,GLU-1
499,3.724,461.2466,147,RLUS1353,12,GLU-1
499,3.724,464.29,224,RLUS1353,12,GLU-1
499,3.724,464.3224,150,RLUS1353,12,GLU-1
499,3.724,465.2636,125,RLUS1353,12,GLU-1
499,3.724,466.2936,979,RLUS1353,12,GLU-1
499,3.724,467.2914,105,RLUS1353,12,GLU-1
499,3.724,468.3097,1143,RLUS1353,12,GLU-1
499,3.724,469.1026,154,RLUS1353,12,GLU-1
499,3.724,469.3114,449,RLUS1353,12,GLU-1
500,3.731,432.2376,16108,RLUS1353,12,GLU-1
500,3.731,432.2908,1549,RLUS1353,12,GLU-1
500,3.731,433.2426,4514,RLUS1353,12,GLU-1
500,3.731,433.2956,361,RLUS1353,12,GLU-1
500,3.731,434.2398,748,RLUS1353,12,GLU-1
500,3.731,435.1584,336,RLUS1353,12,GLU-1
500,3.731,435.2406,117,RLUS1353,12,GLU-1
500,3.731,437.1607,247,RLUS1353,12,GLU-1
500,3.731,438.2572,106,RLUS1353,12,GLU-1
500,3.731,441.0812,131,RLUS1353,12,GLU-1
500,3.731,443.1019,342,RLUS1353,12,GLU-1
500,3.731,443.2144,191,RLUS1353,12,GLU-1
500,3.731,444.1053,105,RLUS1353,12,GLU-1
500,3.731,445.0964,110,RLUS1353,12,GLU-1
500,3.731,445.1723,112,RLUS1353,12,GLU-1
500,3.731,448.284,676,RLUS1353,12,GLU-1
500,3.731,449.277,200,RLUS1353,12,GLU-1
500,3.731,450.3002,13455,RLUS1353,12,GLU-1
500,3.731,451.3046,4060,RLUS1353,12,GLU-1
500,3.731,452.3046,1051,RLUS1353,12,GLU-1
500,3.731,452.723,101,RLUS1353,12,GLU-1
500,3.731,456.1736,103,RLUS1353,12,GLU-1
500,3.731,456.2725,491,RLUS1353,12,GLU-1
500,3.731,457.2514,232,RLUS1353,12,GLU-1
500,3.731,460.2272,305,RLUS1353,12,GLU-1
500,3.731,460.2622,282,RLUS1353,12,GLU-1
500,3.731,461.2316,113,RLUS1353,12,GLU-1
500,3.731,464.301,469,RLUS1353,12,GLU-1
500,3.731,466.2938,947,RLUS1353,12,GLU-1
500,3.731,467.297,346,RLUS1353,12,GLU-1
500,3.731,468.3098,4451,RLUS1353,12,GLU-1
500,3.731,469.1022,249,RLUS1353,12,GLU-1
500,3.731,469.3124,999,RLUS1353,12,GLU-1
500,3.731,470.1024,114,RLUS1353,12,GLU-1
501,3.739,432.2386,22699,RLUS1353,12,GLU-1
501,3.739,432.2904,5582,RLUS1353,12,GLU-1
501,3.739,433.2418,6246,RLUS1353,12,GLU-1
501,3.739,433.293,1615,RLUS1353,12,GLU-1
501,3.739,434.2442,1372,RLUS1353,12,GLU-1
501,3.739,434.2922,428,RLUS1353,12,GLU-1
501,3.739,435.1704,337,RLUS1353,12,GLU-1
501,3.739,435.248,183,RLUS1353,12,GLU-1
501,3.739,436.1704,162,RLUS1353,12,GLU-1
501,3.739,437.1702,145,RLUS1353,12,GLU-1
501,3.739,437.2994,142,RLUS1353,12,GLU-1
501,3.739,438.2516,110,RLUS1353,12,GLU-1
501,3.739,443.0956,730,RLUS1353,12,GLU-1
501,3.739,443.2053,115,RLUS1353,12,GLU-1
501,3.739,443.2395,232,RLUS1353,12,GLU-1
501,3.739,445.0963,170,RLUS1353,12,GLU-1
501,3.739,445.1483,174,RLUS1353,12,GLU-1
501,3.739,447.2172,115,RLUS1353,12,GLU-1
501,3.739,447.9774,126,RLUS1353,12,GLU-1
501,3.739,448.282,927,RLUS1353,12,GLU-1
501,3.739,449.0986,115,RLUS1353,12,GLU-1
501,3.739,449.2876,474,RLUS1353,12,GLU-1
501,3.739,450.3,48544,RLUS1353,12,GLU-1
501,3.739,451.3038,16063,RLUS1353,12,GLU-1
501,3.739,452.3074,2921,RLUS1353,12,GLU-1
501,3.739,453.3088,323,RLUS1353,12,GLU-1
501,3.739,456.2728,610,RLUS1353,12,GLU-1
501,3.739,460.2338,425,RLUS1353,12,GLU-1
501,3.739,460.2771,245,RLUS1353,12,GLU-1
501,3.739,461.2432,246,RLUS1353,12,GLU-1
501,3.739,464.2776,199,RLUS1353,12,GLU-1
501,3.739,464.315,169,RLUS1353,12,GLU-1
501,3.739,466.2952,1410,RLUS1353,12,GLU-1
501,3.739,467.296,497,RLUS1353,12,GLU-1
501,3.739,468.3104,15342,RLUS1353,12,GLU-1
501,3.739,469.0818,114,RLUS1353,12,GLU-1
501,3.739,469.113,104,RLUS1353,12,GLU-1
501,3.739,469.3126,4291,RLUS1353,12,GLU-1
502,3.746,431.2763,176,RLUS1353,12,GLU-1
502,3.746,432.2389,19285,RLUS1353,12,GLU-1
502,3.746,432.2893,18461,RLUS1353,12,GLU-1
502,3.746,433.2434,5213,RLUS1353,12,GLU-1
502,3.746,433.2913,7341,RLUS1353,12,GLU-1
502,3.746,434.0741,100,RLUS1353,12,GLU-1
502,3.746,434.2386,730,RLUS1353,12,GLU-1
502,3.746,434.2936,1347,RLUS1353,12,GLU-1
502,3.746,435.1662,384,RLUS1353,12,GLU-1
502,3.746,436.1718,168,RLUS1353,12,GLU-1
502,3.746,437.1662,170,RLUS1353,12,GLU-1
502,3.746,441.0677,108,RLUS1353,12,GLU-1
502,3.746,443.1014,460,RLUS1353,12,GLU-1
502,3.746,445.0985,230,RLUS1353,12,GLU-1
502,3.746,446.2174,126,RLUS1353,12,GLU-1
502,3.746,446.2626,105,RLUS1353,12,GLU-1
502,3.746,448.2844,2105,RLUS1353,12,GLU-1
502,3.746,449.2891,1149,RLUS1353,12,GLU-1
502,3.746,450.228,107,RLUS1353,12,GLU-1
502,3.746,450.301,136282,RLUS1353,12,GLU-1
502,3.746,450.3691,639,RLUS1353,12,GLU-1
502,3.746,450.4949,128,RLUS1353,12,GLU-1
502,3.746,450.7088,123,RLUS1353,12,GLU-1
502,3.746,451.0918,104,RLUS1353,12,GLU-1
502,3.746,451.3038,45247,RLUS1353,12,GLU-1
502,3.746,452.3092,8087,RLUS1353,12,GLU-1
502,3.746,453.3106,1230,RLUS1353,12,GLU-1
502,3.746,456.2734,625,RLUS1353,12,GLU-1
502,3.746,460.231,287,RLUS1353,12,GLU-1
502,3.746,460.2722,191,RLUS1353,12,GLU-1
502,3.746,464.293,405,RLUS1353,12,GLU-1
502,3.746,466.1887,125,RLUS1353,12,GLU-1
502,3.746,466.296,3353,RLUS1353,12,GLU-1
502,3.746,467.301,1418,RLUS1353,12,GLU-1
502,3.746,468.3108,42070,RLUS1353,12,GLU-1
502,3.746,469.0998,197,RLUS1353,12,GLU-1
502,3.746,469.3146,12996,RLUS1353,12,GLU-1
503,3.753,431.2785,180,RLUS1353,12,GLU-1
503,3.753,432.2374,10361,RLUS1353,12,GLU-1
503,3.753,432.29,32896,RLUS1353,12,GLU-1
503,3.753,433.1101,109,RLUS1353,12,GLU-1
503,3.753,433.2401,2792,RLUS1353,12,GLU-1
503,3.753,433.2918,12149,RLUS1353,12,GLU-1
503,3.753,434.2362,292,RLUS1353,12,GLU-1
503,3.753,434.2912,2078,RLUS1353,12,GLU-1
503,3.753,435.1661,380,RLUS1353,12,GLU-1
503,3.753,435.295,329,RLUS1353,12,GLU-1
503,3.753,437.1382,183,RLUS1353,12,GLU-1
503,3.753,438.1666,106,RLUS1353,12,GLU-1
503,3.753,439.1725,103,RLUS1353,12,GLU-1
503,3.753,443.1005,509,RLUS1353,12,GLU-1
503,3.753,444.1081,170,RLUS1353,12,GLU-1
503,3.753,445.095,187,RLUS1353,12,GLU-1
503,3.753,446.098,110,RLUS1353,12,GLU-1
503,3.753,448.2832,3158,RLUS1353,12,GLU-1
503,3.753,449.0623,105,RLUS1353,12,GLU-1
503,3.753,449.2876,1174,RLUS1353,12,GLU-1
503,3.753,450.0372,108,RLUS1353,12,GLU-1
503,3.753,450.1488,158,RLUS1353,12,GLU-1
503,3.753,450.3006,252230,RLUS1353,12,GLU-1
503,3.753,450.362,3236,RLUS1353,12,GLU-1
503,3.753,450.4772,123,RLUS1353,12,GLU-1
503,3.753,450.5937,233,RLUS1353,12,GLU-1
503,3.753,450.9774,105,RLUS1353,12,GLU-1
503,3.753,451.3036,79895,RLUS1353,12,GLU-1
503,3.753,452.2244,186,RLUS1353,12,GLU-1
503,3.753,452.3056,13002,RLUS1353,12,GLU-1
503,3.753,453.311,1866,RLUS1353,12,GLU-1
503,3.753,454.307,246,RLUS1353,12,GLU-1
503,3.753,456.2598,207,RLUS1353,12,GLU-1
503,3.753,456.676,110,RLUS1353,12,GLU-1
503,3.753,460.234,294,RLUS1353,12,GLU-1
503,3.753,464.278,331,RLUS1353,12,GLU-1
503,3.753,465.2872,203,RLUS1353,12,GLU-1
503,3.753,465.3368,103,RLUS1353,12,GLU-1
503,3.753,466.2962,3846,RLUS1353,12,GLU-1
503,3.753,467.2964,1703,RLUS1353,12,GLU-1
503,3.753,468.3108,75283,RLUS1353,12,GLU-1
503,3.753,469.3137,22571,RLUS1353,12,GLU-1
504,3.76,431.2756,307,RLUS1353,12,GLU-1
504,3.76,432.2351,5235,RLUS1353,12,GLU-1
504,3.76,432.289,39838,RLUS1353,12,GLU-1
504,3.76,433.2386,1433,RLUS1353,12,GLU-1
504,3.76,433.2906,14802,RLUS1353,12,GLU-1
504,3.76,434.194,116,RLUS1353,12,GLU-1
504,3.76,434.2904,2603,RLUS1353,12,GLU-1
504,3.76,435.164,275,RLUS1353,12,GLU-1
504,3.76,435.2932,588,RLUS1353,12,GLU-1
504,3.76,436.6866,128,RLUS1353,12,GLU-1
504,3.76,437.1661,339,RLUS1353,12,GLU-1
504,3.76,441.0959,118,RLUS1353,12,GLU-1
504,3.76,443.099,609,RLUS1353,12,GLU-1
504,3.76,444.0962,174,RLUS1353,12,GLU-1
504,3.76,444.8374,140,RLUS1353,12,GLU-1
504,3.76,445.1025,308,RLUS1353,12,GLU-1
504,3.76,445.9516,111,RLUS1353,12,GLU-1
504,3.76,446.2153,142,RLUS1353,12,GLU-1
504,3.76,446.2758,106,RLUS1353,12,GLU-1
504,3.76,446.7152,117,RLUS1353,12,GLU-1
504,3.76,448.2826,3016,RLUS1353,12,GLU-1
504,3.76,449.2892,1051,RLUS1353,12,GLU-1
504,3.76,450.2154,133,RLUS1353,12,GLU-1
504,3.76,450.3007,276271,RLUS1353,12,GLU-1
504,3.76,450.3619,3780,RLUS1353,12,GLU-1
504,3.76,450.4776,205,RLUS1353,12,GLU-1
504,3.76,450.5938,196,RLUS1353,12,GLU-1
504,3.76,451.0338,129,RLUS1353,12,GLU-1
504,3.76,451.1956,122,RLUS1353,12,GLU-1
504,3.76,451.2282,213,RLUS1353,12,GLU-1
504,3.76,451.3035,84325,RLUS1353,12,GLU-1
504,3.76,451.3772,376,RLUS1353,12,GLU-1
504,3.76,452.3062,14589,RLUS1353,12,GLU-1
504,3.76,453.3081,1862,RLUS1353,12,GLU-1
504,3.76,454.317,353,RLUS1353,12,GLU-1
504,3.76,455.153,155,RLUS1353,12,GLU-1
504,3.76,455.7044,175,RLUS1353,12,GLU-1
504,3.76,456.2742,119,RLUS1353,12,GLU-1
504,3.76,460.228,170,RLUS1353,12,GLU-1
504,3.76,464.2746,949,RLUS1353,12,GLU-1
504,3.76,464.3151,419,RLUS1353,12,GLU-1
504,3.76,465.2817,415,RLUS1353,12,GLU-1
504,3.76,466.2946,4862,RLUS1353,12,GLU-1
504,3.76,467.2992,1441,RLUS1353,12,GLU-1
504,3.76,468.3106,78113,RLUS1353,12,GLU-1
504,3.76,468.3782,138,RLUS1353,12,GLU-1
504,3.76,468.8342,104,RLUS1353,12,GLU-1
504,3.76,469.0974,145,RLUS1353,12,GLU-1
504,3.76,469.3138,25694,RLUS1353,12,GLU-1
505,3.767,431.2868,120,RLUS1353,12,GLU-1
505,3.767,432.235,3416,RLUS1353,12,GLU-1
505,3.767,432.2902,26191,RLUS1353,12,GLU-1
505,3.767,433.2382,1002,RLUS1353,12,GLU-1
505,3.767,433.2912,8400,RLUS1353,12,GLU-1
505,3.767,434.2446,259,RLUS1353,12,GLU-1
505,3.767,434.2932,1866,RLUS1353,12,GLU-1
505,3.767,435.1654,393,RLUS1353,12,GLU-1
505,3.767,435.2865,191,RLUS1353,12,GLU-1
505,3.767,436.1741,140,RLUS1353,12,GLU-1
505,3.767,437.1648,169,RLUS1353,12,GLU-1
505,3.767,438.1722,196,RLUS1353,12,GLU-1
505,3.767,443.0912,312,RLUS1353,12,GLU-1
505,3.767,445.0982,208,RLUS1353,12,GLU-1
505,3.767,448.2846,1304,RLUS1353,12,GLU-1
505,3.767,449.2873,683,RLUS1353,12,GLU-1
505,3.767,450.0434,110,RLUS1353,12,GLU-1
505,3.767,450.1899,133,RLUS1353,12,GLU-1
505,3.767,450.3007,179057,RLUS1353,12,GLU-1
505,3.767,450.3612,1224,RLUS1353,12,GLU-1
505,3.767,451.304,57656,RLUS1353,12,GLU-1
505,3.767,452.3068,10315,RLUS1353,12,GLU-1
505,3.767,453.31,1243,RLUS1353,12,GLU-1
505,3.767,455.142,132,RLUS1353,12,GLU-1
505,3.767,456.2778,245,RLUS1353,12,GLU-1
505,3.767,460.2295,225,RLUS1353,12,GLU-1
505,3.767,460.2562,146,RLUS1353,12,GLU-1
505,3.767,464.2808,1144,RLUS1353,12,GLU-1
505,3.767,464.3144,681,RLUS1353,12,GLU-1
505,3.767,465.3061,438,RLUS1353,12,GLU-1
505,3.767,466.2975,2720,RLUS1353,12,GLU-1
505,3.767,467.2988,995,RLUS1353,12,GLU-1
505,3.767,468.3113,57108,RLUS1353,12,GLU-1
505,3.767,469.0819,143,RLUS1353,12,GLU-1
505,3.767,469.314,19429,RLUS1353,12,GLU-1
506,3.774,431.2854,151,RLUS1353,12,GLU-1
506,3.774,432.2374,3711,RLUS1353,12,GLU-1
506,3.774,432.2892,12317,RLUS1353,12,GLU-1
506,3.774,433.2388,772,RLUS1353,12,GLU-1
506,3.774,433.29,5064,RLUS1353,12,GLU-1
506,3.774,434.2314,117,RLUS1353,12,GLU-1
506,3.774,434.2948,677,RLUS1353,12,GLU-1
506,3.774,435.1628,383,RLUS1353,12,GLU-1
506,3.774,435.3012,136,RLUS1353,12,GLU-1
506,3.774,436.9641,128,RLUS1353,12,GLU-1
506,3.774,437.165,317,RLUS1353,12,GLU-1
506,3.774,443.0972,424,RLUS1353,12,GLU-1
506,3.774,445.1026,140,RLUS1353,12,GLU-1
506,3.774,448.2842,947,RLUS1353,12,GLU-1
506,3.774,449.2874,356,RLUS1353,12,GLU-1
506,3.774,450.3004,90770,RLUS1353,12,GLU-1
506,3.774,451.304,28152,RLUS1353,12,GLU-1
506,3.774,452.3077,5226,RLUS1353,12,GLU-1
506,3.774,453.3052,594,RLUS1353,12,GLU-1
506,3.774,455.6968,138,RLUS1353,12,GLU-1
506,3.774,456.268,209,RLUS1353,12,GLU-1
506,3.774,460.2342,317,RLUS1353,12,GLU-1
506,3.774,464.2825,981,RLUS1353,12,GLU-1
506,3.774,464.3189,438,RLUS1353,12,GLU-1
506,3.774,465.2828,207,RLUS1353,12,GLU-1
506,3.774,465.3096,155,RLUS1353,12,GLU-1
506,3.774,466.2932,1900,RLUS1353,12,GLU-1
506,3.774,467.3,285,RLUS1353,12,GLU-1
506,3.774,468.3114,28995,RLUS1353,12,GLU-1
506,3.774,469.1031,102,RLUS1353,12,GLU-1
506,3.774,469.3133,9213,RLUS1353,12,GLU-1
507,3.781,432.2396,3327,RLUS1353,12,GLU-1
507,3.781,432.2902,7566,RLUS1353,12,GLU-1
507,3.781,433.2392,848,RLUS1353,12,GLU-1
507,3.781,433.2893,2390,RLUS1353,12,GLU-1
507,3.781,434.2402,118,RLUS1353,12,GLU-1
507,3.781,434.2975,614,RLUS1353,12,GLU-1
507,3.781,435.1714,481,RLUS1353,12,GLU-1
507,3.781,435.2418,109,RLUS1353,12,GLU-1
507,3.781,436.1707,188,RLUS1353,12,GLU-1
507,3.781,436.9612,108,RLUS1353,12,GLU-1
507,3.781,437.1632,210,RLUS1353,12,GLU-1
507,3.781,443.1054,286,RLUS1353,12,GLU-1
507,3.781,444.1858,120,RLUS1353,12,GLU-1
507,3.781,445.0994,128,RLUS1353,12,GLU-1
507,3.781,446.2226,107,RLUS1353,12,GLU-1
507,3.781,446.3098,117,RLUS1353,12,GLU-1
507,3.781,447.0978,137,RLUS1353,12,GLU-1
507,3.781,448.2876,430,RLUS1353,12,GLU-1
507,3.781,449.2871,254,RLUS1353,12,GLU-1
507,3.781,450.3005,51477,RLUS1353,12,GLU-1
507,3.781,450.3794,113,RLUS1353,12,GLU-1
507,3.781,451.1223,193,RLUS1353,12,GLU-1
507,3.781,451.3037,16243,RLUS1353,12,GLU-1
507,3.781,452.3044,2885,RLUS1353,12,GLU-1
507,3.781,453.3191,412,RLUS1353,12,GLU-1
507,3.781,460.2404,200,RLUS1353,12,GLU-1
507,3.781,464.2707,231,RLUS1353,12,GLU-1
507,3.781,464.3118,1013,RLUS1353,12,GLU-1
507,3.781,465.3092,463,RLUS1353,12,GLU-1
507,3.781,466.293,988,RLUS1353,12,GLU-1
507,3.781,467.2935,325,RLUS1353,12,GLU-1
507,3.781,468.3097,15405,RLUS1353,12,GLU-1
507,3.781,469.099,184,RLUS1353,12,GLU-1
507,3.781,469.3151,4961,RLUS1353,12,GLU-1
507,3.781,470.1062,241,RLUS1353,12,GLU-1
508,3.789,432.2398,2478,RLUS1353,12,GLU-1
508,3.789,432.2893,3793,RLUS1353,12,GLU-1
508,3.789,433.2406,953,RLUS1353,12,GLU-1
508,3.789,433.2941,1591,RLUS1353,12,GLU-1
508,3.789,434.243,166,RLUS1353,12,GLU-1
508,3.789,434.2915,400,RLUS1353,12,GLU-1
508,3.789,435.1726,321,RLUS1353,12,GLU-1
508,3.789,436.1664,150,RLUS1353,12,GLU-1
508,3.789,437.1614,281,RLUS1353,12,GLU-1
508,3.789,445.1152,132,RLUS1353,12,GLU-1
508,3.789,447.2132,140,RLUS1353,12,GLU-1
508,3.789,448.2816,437,RLUS1353,12,GLU-1
508,3.789,449.2824,109,RLUS1353,12,GLU-1
508,3.789,450.0503,138,RLUS1353,12,GLU-1
508,3.789,450.3001,29512,RLUS1353,12,GLU-1
508,3.789,451.3032,10859,RLUS1353,12,GLU-1
508,3.789,452.3058,1680,RLUS1353,12,GLU-1
508,3.789,453.3122,134,RLUS1353,12,GLU-1
508,3.789,456.2511,154,RLUS1353,12,GLU-1
508,3.789,460.2261,145,RLUS1353,12,GLU-1
508,3.789,464.2762,121,RLUS1353,12,GLU-1
508,3.789,464.3188,608,RLUS1353,12,GLU-1
508,3.789,465.3261,101,RLUS1353,12,GLU-1
508,3.789,466.298,1143,RLUS1353,12,GLU-1
508,3.789,467.1312,147,RLUS1353,12,GLU-1
508,3.789,467.2152,105,RLUS1353,12,GLU-1
508,3.789,467.2954,301,RLUS1353,12,GLU-1
508,3.789,468.3115,9681,RLUS1353,12,GLU-1
508,3.789,469.0928,297,RLUS1353,12,GLU-1
508,3.789,469.3152,2599,RLUS1353,12,GLU-1
508,3.789,470.0944,108,RLUS1353,12,GLU-1
509,3.796,432.1122,100,RLUS1353,12,GLU-1
509,3.796,432.2374,2518,RLUS1353,12,GLU-1
509,3.796,432.2908,2877,RLUS1353,12,GLU-1
509,3.796,433.2422,601,RLUS1353,12,GLU-1
509,3.796,433.2868,684,RLUS1353,12,GLU-1
509,3.796,434.2359,198,RLUS1353,12,GLU-1
509,3.796,434.295,147,RLUS1353,12,GLU-1
509,3.796,435.0948,108,RLUS1353,12,GLU-1
509,3.796,435.1668,261,RLUS1353,12,GLU-1
509,3.796,436.171,136,RLUS1353,12,GLU-1
509,3.796,436.2442,213,RLUS1353,12,GLU-1
509,3.796,436.9512,112,RLUS1353,12,GLU-1
509,3.796,437.1663,147,RLUS1353,12,GLU-1
509,3.796,443.1002,106,RLUS1353,12,GLU-1
509,3.796,446.2183,193,RLUS1353,12,GLU-1
509,3.796,448.2824,533,RLUS1353,12,GLU-1
509,3.796,449.3162,103,RLUS1353,12,GLU-1
509,3.796,450.3003,26974,RLUS1353,12,GLU-1
509,3.796,451.3051,8590,RLUS1353,12,GLU-1
509,3.796,452.3088,1618,RLUS1353,12,GLU-1
509,3.796,453.307,188,RLUS1353,12,GLU-1
509,3.796,460.2329,276,RLUS1353,12,GLU-1
509,3.796,462.1152,131,RLUS1353,12,GLU-1
509,3.796,464.2742,349,RLUS1353,12,GLU-1
509,3.796,464.312,271,RLUS1353,12,GLU-1
509,3.796,466.2953,841,RLUS1353,12,GLU-1
509,3.796,467.3064,452,RLUS1353,12,GLU-1
509,3.796,468.3114,8343,RLUS1353,12,GLU-1
509,3.796,469.0992,153,RLUS1353,12,GLU-1
509,3.796,469.3137,2874,RLUS1353,12,GLU-1
510,3.803,432.2386,2403,RLUS1353,12,GLU-1
510,3.803,432.2882,2629,RLUS1353,12,GLU-1
510,3.803,433.2414,734,RLUS1353,12,GLU-1
510,3.803,433.291,749,RLUS1353,12,GLU-1
510,3.803,434.2404,300,RLUS1353,12,GLU-1
510,3.803,434.2968,206,RLUS1353,12,GLU-1
510,3.803,435.1715,603,RLUS1353,12,GLU-1
510,3.803,435.2202,113,RLUS1353,12,GLU-1
510,3.803,436.2488,152,RLUS1353,12,GLU-1
510,3.803,437.1676,252,RLUS1353,12,GLU-1
510,3.803,441.0914,101,RLUS1353,12,GLU-1
510,3.803,443.1026,208,RLUS1353,12,GLU-1
510,3.803,445.185,115,RLUS1353,12,GLU-1
510,3.803,448.2802,475,RLUS1353,12,GLU-1
510,3.803,449.292,356,RLUS1353,12,GLU-1
510,3.803,450.2994,25175,RLUS1353,12,GLU-1
510,3.803,451.3036,7222,RLUS1353,12,GLU-1
510,3.803,452.3058,1784,RLUS1353,12,GLU-1
510,3.803,453.3036,194,RLUS1353,12,GLU-1
510,3.803,455.1214,125,RLUS1353,12,GLU-1
510,3.803,456.2768,114,RLUS1353,12,GLU-1
510,3.803,460.2384,259,RLUS1353,12,GLU-1
510,3.803,464.298,252,RLUS1353,12,GLU-1
510,3.803,465.3046,107,RLUS1353,12,GLU-1
510,3.803,466.2982,1618,RLUS1353,12,GLU-1
510,3.803,467.2958,374,RLUS1353,12,GLU-1
510,3.803,468.31,7759,RLUS1353,12,GLU-1
510,3.803,469.1102,122,RLUS1353,12,GLU-1
510,3.803,469.3132,2318,RLUS1353,12,GLU-1
511,3.81,432.242,1824,RLUS1353,12,GLU-1
511,3.81,432.2902,1925,RLUS1353,12,GLU-1
511,3.81,433.2424,377,RLUS1353,12,GLU-1
511,3.81,433.289,865,RLUS1353,12,GLU-1
511,3.81,434.2372,235,RLUS1353,12,GLU-1
511,3.81,435.1678,476,RLUS1353,12,GLU-1
511,3.81,436.1765,160,RLUS1353,12,GLU-1
511,3.81,437.1652,254,RLUS1353,12,GLU-1
511,3.81,441.0526,125,RLUS1353,12,GLU-1
511,3.81,443.0984,140,RLUS1353,12,GLU-1
511,3.81,448.2404,123,RLUS1353,12,GLU-1
511,3.81,448.2882,439,RLUS1353,12,GLU-1
511,3.81,449.2866,119,RLUS1353,12,GLU-1
511,3.81,450.2996,20316,RLUS1353,12,GLU-1
511,3.81,451.3034,5507,RLUS1353,12,GLU-1
511,3.81,452.3064,1094,RLUS1353,12,GLU-1
511,3.81,453.3224,211,RLUS1353,12,GLU-1
511,3.81,456.2758,230,RLUS1353,12,GLU-1
511,3.81,457.2768,158,RLUS1353,12,GLU-1
511,3.81,457.5142,103,RLUS1353,12,GLU-1
511,3.81,460.233,241,RLUS1353,12,GLU-1
511,3.81,461.2362,150,RLUS1353,12,GLU-1
511,3.81,464.313,148,RLUS1353,12,GLU-1
511,3.81,466.2963,1223,RLUS1353,12,GLU-1
511,3.81,467.3016,434,RLUS1353,12,GLU-1
511,3.81,468.1614,142,RLUS1353,12,GLU-1
511,3.81,468.3104,5796,RLUS1353,12,GLU-1
511,3.81,469.3154,1897,RLUS1353,12,GLU-1
512,3.817,432.2387,1287,RLUS1353,12,GLU-1
512,3.817,432.2898,1697,RLUS1353,12,GLU-1
512,3.817,433.2436,450,RLUS1353,12,GLU-1
512,3.817,433.2912,782,RLUS1353,12,GLU-1
512,3.817,434.2416,189,RLUS1353,12,GLU-1
512,3.817,434.2862,150,RLUS1353,12,GLU-1
512,3.817,435.1698,265,RLUS1353,12,GLU-1
512,3.817,437.1635,229,RLUS1353,12,GLU-1
512,3.817,438.1706,103,RLUS1353,12,GLU-1
512,3.817,439.1686,105,RLUS1353,12,GLU-1
512,3.817,443.098,135,RLUS1353,12,GLU-1
512,3.817,444.1104,120,RLUS1353,12,GLU-1
512,3.817,446.631,100,RLUS1353,12,GLU-1
512,3.817,448.2338,111,RLUS1353,12,GLU-1
512,3.817,448.2879,342,RLUS1353,12,GLU-1
512,3.817,449.1496,140,RLUS1353,12,GLU-1
512,3.817,449.2891,302,RLUS1353,12,GLU-1
512,3.817,450.2998,18801,RLUS1353,12,GLU-1
512,3.817,451.3042,5390,RLUS1353,12,GLU-1
512,3.817,452.3094,803,RLUS1353,12,GLU-1
512,3.817,453.3101,153,RLUS1353,12,GLU-1
512,3.817,461.2285,216,RLUS1353,12,GLU-1
512,3.817,464.3174,234,RLUS1353,12,GLU-1
512,3.817,465.2612,151,RLUS1353,12,GLU-1
512,3.817,466.2924,1300,RLUS1353,12,GLU-1
512,3.817,467.2956,588,RLUS1353,12,GLU-1
512,3.817,468.1187,104,RLUS1353,12,GLU-1
512,3.817,468.3098,4762,RLUS1353,12,GLU-1
512,3.817,468.7708,133,RLUS1353,12,GLU-1
512,3.817,469.3118,1461,RLUS1353,12,GLU-1
512,3.817,470.2875,113,RLUS1353,12,GLU-1
496,3.702,431.475,104,RLUS1353,12,GLU-2
496,3.702,433.2424,128,RLUS1353,12,GLU-2
496,3.702,435.162,505,RLUS1353,12,GLU-2
496,3.702,436.1895,111,RLUS1353,12,GLU-2
496,3.702,436.9734,109,RLUS1353,12,GLU-2
496,3.702,437.1152,142,RLUS1353,12,GLU-2
496,3.702,437.1608,248,RLUS1353,12,GLU-2
496,3.702,448.2827,799,RLUS1353,12,GLU-2
496,3.702,449.2913,285,RLUS1353,12,GLU-2
496,3.702,450.2994,1179,RLUS1353,12,GLU-2
496,3.702,450.3812,122,RLUS1353,12,GLU-2
496,3.702,451.147,114,RLUS1353,12,GLU-2
496,3.702,451.227,132,RLUS1353,12,GLU-2
496,3.702,451.3056,282,RLUS1353,12,GLU-2
496,3.702,452.3024,108,RLUS1353,12,GLU-2
496,3.702,466.292,688,RLUS1353,12,GLU-2
496,3.702,467.2938,259,RLUS1353,12,GLU-2
496,3.702,468.3036,286,RLUS1353,12,GLU-2
496,3.702,469.3054,108,RLUS1353,12,GLU-2
497,3.71,432.2361,205,RLUS1353,12,GLU-2
497,3.71,435.1671,269,RLUS1353,12,GLU-2
497,3.71,437.1764,196,RLUS1353,12,GLU-2
497,3.71,448.2877,964,RLUS1353,12,GLU-2
497,3.71,449.3904,172,RLUS1353,12,GLU-2
497,3.71,450.296,1083,RLUS1353,12,GLU-2
497,3.71,451.3043,148,RLUS1353,12,GLU-2
497,3.71,453.1648,103,RLUS1353,12,GLU-2
497,3.71,459.0057,103,RLUS1353,12,GLU-2
497,3.71,460.2362,113,RLUS1353,12,GLU-2
497,3.71,466.2965,710,RLUS1353,12,GLU-2
497,3.71,467.294,315,RLUS1353,12,GLU-2
497,3.71,468.3092,497,RLUS1353,12,GLU-2
497,3.71,469.1184,105,RLUS1353,12,GLU-2
497,3.71,469.309,112,RLUS1353,12,GLU-2
498,3.717,431.2838,113,RLUS1353,12,GLU-2
498,3.717,432.2393,1001,RLUS1353,12,GLU-2
498,3.717,433.2443,142,RLUS1353,12,GLU-2
498,3.717,435.1594,383,RLUS1353,12,GLU-2
498,3.717,436.1504,136,RLUS1353,12,GLU-2
498,3.717,439.3629,166,RLUS1353,12,GLU-2
498,3.717,448.2864,362,RLUS1353,12,GLU-2
498,3.717,449.288,219,RLUS1353,12,GLU-2
498,3.717,450.2988,1579,RLUS1353,12,GLU-2
498,3.717,451.297,651,RLUS1353,12,GLU-2
498,3.717,454.1184,141,RLUS1353,12,GLU-2
498,3.717,456.2668,151,RLUS1353,12,GLU-2
498,3.717,460.2368,258,RLUS1353,12,GLU-2
498,3.717,464.3079,203,RLUS1353,12,GLU-2
498,3.717,466.2982,509,RLUS1353,12,GLU-2
498,3.717,467.2918,104,RLUS1353,12,GLU-2
498,3.717,468.31,735,RLUS1353,12,GLU-2
498,3.717,469.3131,196,RLUS1353,12,GLU-2
499,3.724,431.1128,109,RLUS1353,12,GLU-2
499,3.724,432.2398,3664,RLUS1353,12,GLU-2
499,3.724,433.2378,1029,RLUS1353,12,GLU-2
499,3.724,433.2848,188,RLUS1353,12,GLU-2
499,3.724,434.2404,363,RLUS1353,12,GLU-2
499,3.724,435.1692,184,RLUS1353,12,GLU-2
499,3.724,437.1654,192,RLUS1353,12,GLU-2
499,3.724,442.2946,108,RLUS1353,12,GLU-2
499,3.724,443.107,139,RLUS1353,12,GLU-2
499,3.724,448.2838,454,RLUS1353,12,GLU-2
499,3.724,449.2798,148,RLUS1353,12,GLU-2
499,3.724,450.2988,2936,RLUS1353,12,GLU-2
499,3.724,451.3019,1190,RLUS1353,12,GLU-2
499,3.724,452.307,152,RLUS1353,12,GLU-2
499,3.724,456.2844,123,RLUS1353,12,GLU-2
499,3.724,460.2311,133,RLUS1353,12,GLU-2
499,3.724,461.1089,105,RLUS1353,12,GLU-2
499,3.724,461.236,124,RLUS1353,12,GLU-2
499,3.724,462.2472,238,RLUS1353,12,GLU-2
499,3.724,464.3066,267,RLUS1353,12,GLU-2
499,3.724,466.2942,600,RLUS1353,12,GLU-2
499,3.724,467.2978,199,RLUS1353,12,GLU-2
499,3.724,468.3072,1161,RLUS1353,12,GLU-2
499,3.724,469.0821,155,RLUS1353,12,GLU-2
499,3.724,469.31,203,RLUS1353,12,GLU-2
499,3.724,470.297,107,RLUS1353,12,GLU-2
500,3.731,432.2394,8153,RLUS1353,12,GLU-2
500,3.731,432.2916,859,RLUS1353,12,GLU-2
500,3.731,433.2424,2274,RLUS1353,12,GLU-2
500,3.731,433.2952,134,RLUS1353,12,GLU-2
500,3.731,434.242,490,RLUS1353,12,GLU-2
500,3.731,435.1668,393,RLUS1353,12,GLU-2
500,3.731,437.1636,125,RLUS1353,12,GLU-2
500,3.731,443.213,112,RLUS1353,12,GLU-2
500,3.731,444.1134,140,RLUS1353,12,GLU-2
500,3.731,445.0959,122,RLUS1353,12,GLU-2
500,3.731,446.726,153,RLUS1353,12,GLU-2
500,3.731,448.2812,514,RLUS1353,12,GLU-2
500,3.731,450.3015,6034,RLUS1353,12,GLU-2
500,3.731,451.3046,2625,RLUS1353,12,GLU-2
500,3.731,452.3023,537,RLUS1353,12,GLU-2
500,3.731,456.2734,386,RLUS1353,12,GLU-2
500,3.731,457.2346,165,RLUS1353,12,GLU-2
500,3.731,460.247,439,RLUS1353,12,GLU-2
500,3.731,464.3068,106,RLUS1353,12,GLU-2
500,3.731,465.2826,107,RLUS1353,12,GLU-2
500,3.731,466.2962,386,RLUS1353,12,GLU-2
500,3.731,467.1175,106,RLUS1353,12,GLU-2
500,3.731,468.3098,2023,RLUS1353,12,GLU-2
500,3.731,469.0922,101,RLUS1353,12,GLU-2
500,3.731,469.3132,516,RLUS1353,12,GLU-2
501,3.738,432.2372,12027,RLUS1353,12,GLU-2
501,3.738,432.2896,3737,RLUS1353,12,GLU-2
501,3.738,433.2428,3031,RLUS1353,12,GLU-2
501,3.738,433.2952,1195,RLUS1353,12,GLU-2
501,3.738,434.2481,495,RLUS1353,12,GLU-2
501,3.738,434.3033,407,RLUS1353,12,GLU-2
501,3.738,435.1622,284,RLUS1353,12,GLU-2
501,3.738,436.1744,126,RLUS1353,12,GLU-2
501,3.738,437.1669,158,RLUS1353,12,GLU-2
501,3.738,441.1474,113,RLUS1353,12,GLU-2
501,3.738,443.1,324,RLUS1353,12,GLU-2
501,3.738,444.0964,112,RLUS1353,12,GLU-2
501,3.738,445.0932,118,RLUS1353,12,GLU-2
501,3.738,446.2306,216,RLUS1353,12,GLU-2
501,3.738,448.2797,681,RLUS1353,12,GLU-2
501,3.738,449.0962,129,RLUS1353,12,GLU-2
501,3.738,449.2874,179,RLUS1353,12,GLU-2
501,3.738,450.3002,28958,RLUS1353,12,GLU-2
501,3.738,451.3041,9047,RLUS1353,12,GLU-2
501,3.738,452.1464,101,RLUS1353,12,GLU-2
501,3.738,452.3094,1595,RLUS1353,12,GLU-2
501,3.738,453.315,275,RLUS1353,12,GLU-2
501,3.738,456.2748,355,RLUS1353,12,GLU-2
501,3.738,457.2755,109,RLUS1353,12,GLU-2
501,3.738,460.2549,307,RLUS1353,12,GLU-2
501,3.738,461.2352,201,RLUS1353,12,GLU-2
501,3.738,466.2922,768,RLUS1353,12,GLU-2
501,3.738,467.2939,244,RLUS1353,12,GLU-2
501,3.738,468.3112,8346,RLUS1353,12,GLU-2
501,3.738,469.0954,395,RLUS1353,12,GLU-2
501,3.738,469.2005,127,RLUS1353,12,GLU-2
501,3.738,469.3152,2064,RLUS1353,12,GLU-2
501,3.738,470.099,124,RLUS1353,12,GLU-2
502,3.745,432.238,9179,RLUS1353,12,GLU-2
502,3.745,432.2872,10308,RLUS1353,12,GLU-2
502,3.745,433.2432,2660,RLUS1353,12,GLU-2
502,3.745,433.2919,3570,RLUS1353,12,GLU-2
502,3.745,433.7154,138,RLUS1353,12,GLU-2
502,3.745,434.2454,634,RLUS1353,12,GLU-2
502,3.745,434.2946,757,RLUS1353,12,GLU-2
502,3.745,435.1687,284,RLUS1353,12,GLU-2
502,3.745,435.2748,133,RLUS1353,12,GLU-2
502,3.745,436.1733,184,RLUS1353,12,GLU-2
502,3.745,437.1684,194,RLUS1353,12,GLU-2
502,3.745,440.1076,108,RLUS1353,12,GLU-2
502,3.745,443.1036,208,RLUS1353,12,GLU-2
502,3.745,444.1152,129,RLUS1353,12,GLU-2
502,3.745,446.2164,148,RLUS1353,12,GLU-2
502,3.745,448.2834,1187,RLUS1353,12,GLU-2
502,3.745,449.2902,302,RLUS1353,12,GLU-2
502,3.745,450.1796,138,RLUS1353,12,GLU-2
502,3.745,450.3004,81328,RLUS1353,12,GLU-2
502,3.745,451.3034,26421,RLUS1353,12,GLU-2
502,3.745,452.3068,4401,RLUS1353,12,GLU-2
502,3.745,453.314,430,RLUS1353,12,GLU-2
502,3.745,455.1398,124,RLUS1353,12,GLU-2
502,3.745,456.2684,200,RLUS1353,12,GLU-2
502,3.745,460.2343,131,RLUS1353,12,GLU-2
502,3.745,462.2424,156,RLUS1353,12,GLU-2
502,3.745,464.2784,120,RLUS1353,12,GLU-2
502,3.745,465.2864,143,RLUS1353,12,GLU-2
502,3.745,466.2936,1809,RLUS1353,12,GLU-2
502,3.745,467.2952,436,RLUS1353,12,GLU-2
502,3.745,468.3106,27131,RLUS1353,12,GLU-2
502,3.745,469.0866,174,RLUS1353,12,GLU-2
502,3.745,469.3142,8283,RLUS1353,12,GLU-2
503,3.752,432.2377,5354,RLUS1353,12,GLU-2
503,3.752,432.29,19176,RLUS1353,12,GLU-2
503,3.752,433.2376,1304,RLUS1353,12,GLU-2
503,3.752,433.2921,7015,RLUS1353,12,GLU-2
503,3.752,434.2904,1199,RLUS1353,12,GLU-2
503,3.752,435.1624,352,RLUS1353,12,GLU-2
503,3.752,435.2424,123,RLUS1353,12,GLU-2
503,3.752,436.1721,161,RLUS1353,12,GLU-2
503,3.752,437.1622,285,RLUS1353,12,GLU-2
503,3.752,443.1009,365,RLUS1353,12,GLU-2
503,3.752,443.2237,119,RLUS1353,12,GLU-2
503,3.752,444.11,134,RLUS1353,12,GLU-2
503,3.752,448.2838,1721,RLUS1353,12,GLU-2
503,3.752,449.2918,687,RLUS1353,12,GLU-2
503,3.752,449.8661,100,RLUS1353,12,GLU-2
503,3.752,450.3007,136921,RLUS1353,12,GLU-2
503,3.752,451.3043,45413,RLUS1353,12,GLU-2
503,3.752,452.3062,7738,RLUS1353,12,GLU-2
503,3.752,453.3102,991,RLUS1353,12,GLU-2
503,3.752,457.2785,105,RLUS1353,12,GLU-2
503,3.752,460.224,395,RLUS1353,12,GLU-2
503,3.752,461.2486,121,RLUS1353,12,GLU-2
503,3.752,464.2836,192,RLUS1353,12,GLU-2
503,3.752,466.2984,1990,RLUS1353,12,GLU-2
503,3.752,467.3,853,RLUS1353,12,GLU-2
503,3.752,468.3109,44849,RLUS1353,12,GLU-2
503,3.752,469.0935,131,RLUS1353,12,GLU-2
503,3.752,469.3136,13450,RLUS1353,12,GLU-2
504,3.76,431.2703,104,RLUS1353,12,GLU-2
504,3.76,432.2369,3073,RLUS1353,12,GLU-2
504,3.76,432.2882,21266,RLUS1353,12,GLU-2
504,3.76,432.391,111,RLUS1353,12,GLU-2
504,3.76,433.235,585,RLUS1353,12,GLU-2
504,3.76,433.2908,7557,RLUS1353,12,GLU-2
504,3.76,434.2375,129,RLUS1353,12,GLU-2
504,3.76,434.2958,1212,RLUS1353,12,GLU-2
504,3.76,435.1674,432,RLUS1353,12,GLU-2
504,3.76,435.2977,375,RLUS1353,12,GLU-2
504,3.76,436.1745,130,RLUS1353,12,GLU-2
504,3.76,437.165,402,RLUS1353,12,GLU-2
504,3.76,443.0982,137,RLUS1353,12,GLU-2
504,3.76,445.1088,161,RLUS1353,12,GLU-2
504,3.76,445.1982,127,RLUS1353,12,GLU-2
504,3.76,446.7042,113,RLUS1353,12,GLU-2
504,3.76,448.2862,1341,RLUS1353,12,GLU-2
504,3.76,449.1009,165,RLUS1353,12,GLU-2
504,3.76,449.2882,623,RLUS1353,12,GLU-2
504,3.76,450.1704,129,RLUS1353,12,GLU-2
504,3.76,450.3002,155384,RLUS1353,12,GLU-2
504,3.76,451.3038,48128,RLUS1353,12,GLU-2
504,3.76,452.3065,8776,RLUS1353,12,GLU-2
504,3.76,453.3062,1057,RLUS1353,12,GLU-2
504,3.76,455.1532,111,RLUS1353,12,GLU-2
504,3.76,455.6977,165,RLUS1353,12,GLU-2
504,3.76,456.2714,140,RLUS1353,12,GLU-2
504,3.76,460.2317,284,RLUS1353,12,GLU-2
504,3.76,464.2882,544,RLUS1353,12,GLU-2
504,3.76,465.2857,263,RLUS1353,12,GLU-2
504,3.76,466.2929,2508,RLUS1353,12,GLU-2
504,3.76,467.2921,608,RLUS1353,12,GLU-2
504,3.76,468.3102,43926,RLUS1353,12,GLU-2
504,3.76,469.096,195,RLUS1353,12,GLU-2
504,3.76,469.3124,14002,RLUS1353,12,GLU-2
505,3.767,432.2354,1626,RLUS1353,12,GLU-2
505,3.767,432.2897,10256,RLUS1353,12,GLU-2
505,3.767,433.2382,467,RLUS1353,12,GLU-2
505,3.767,433.2911,3836,RLUS1353,12,GLU-2
505,3.767,434.291,785,RLUS1353,12,GLU-2
505,3.767,435.1646,390,RLUS1353,12,GLU-2
505,3.767,436.1826,136,RLUS1353,12,GLU-2
505,3.767,437.1722,242,RLUS1353,12,GLU-2
505,3.767,443.0967,177,RLUS1353,12,GLU-2
505,3.767,448.2856,575,RLUS1353,12,GLU-2
505,3.767,449.295,382,RLUS1353,12,GLU-2
505,3.767,449.9512,117,RLUS1353,12,GLU-2
505,3.767,450.3006,88369,RLUS1353,12,GLU-2
505,3.767,451.3035,26944,RLUS1353,12,GLU-2
505,3.767,452.3086,4409,RLUS1353,12,GLU-2
505,3.767,453.3105,654,RLUS1353,12,GLU-2
505,3.767,456.2706,150,RLUS1353,12,GLU-2
505,3.767,460.2288,294,RLUS1353,12,GLU-2
505,3.767,461.2442,115,RLUS1353,12,GLU-2
505,3.767,464.2743,443,RLUS1353,12,GLU-2
505,3.767,464.3188,155,RLUS1353,12,GLU-2
505,3.767,466.2948,1441,RLUS1353,12,GLU-2
505,3.767,467.1374,103,RLUS1353,12,GLU-2
505,3.767,467.2985,391,RLUS1353,12,GLU-2
505,3.767,468.3103,30333,RLUS1353,12,GLU-2
505,3.767,469.093,169,RLUS1353,12,GLU-2
505,3.767,469.3146,9462,RLUS1353,12,GLU-2
506,3.774,432.2402,1106,RLUS1353,12,GLU-2
506,3.774,432.2878,4665,RLUS1353,12,GLU-2
506,3.774,433.2392,404,RLUS1353,12,GLU-2
506,3.774,433.2914,1628,RLUS1353,12,GLU-2
506,3.774,434.2946,486,RLUS1353,12,GLU-2
506,3.774,435.1614,255,RLUS1353,12,GLU-2
506,3.774,443.1006,106,RLUS1353,12,GLU-2
506,3.774,446.1034,115,RLUS1353,12,GLU-2
506,3.774,448.1164,131,RLUS1353,12,GLU-2
506,3.774,448.2918,447,RLUS1353,12,GLU-2
506,3.774,450.3,44147,RLUS1353,12,GLU-2
506,3.774,451.3028,13484,RLUS1353,12,GLU-2
506,3.774,452.3088,2318,RLUS1353,12,GLU-2
506,3.774,453.3082,301,RLUS1353,12,GLU-2
506,3.774,460.2332,124,RLUS1353,12,GLU-2
506,3.774,461.1398,114,RLUS1353,12,GLU-2
506,3.774,464.3094,570,RLUS1353,12,GLU-2
506,3.774,465.2944,114,RLUS1353,12,GLU-2
506,3.774,465.3212,211,RLUS1353,12,GLU-2
506,3.774,466.2972,670,RLUS1353,12,GLU-2
506,3.774,467.2914,165,RLUS1353,12,GLU-2
506,3.774,468.3096,14034,RLUS1353,12,GLU-2
506,3.774,469.0936,171,RLUS1353,12,GLU-2
506,3.774,469.3135,4334,RLUS1353,12,GLU-2
506,3.774,470.0934,137,RLUS1353,12,GLU-2
507,3.781,432.2374,1105,RLUS1353,12,GLU-2
507,3.781,432.2894,2789,RLUS1353,12,GLU-2
507,3.781,433.2362,434,RLUS1353,12,GLU-2
507,3.781,433.2918,578,RLUS1353,12,GLU-2
507,3.781,434.2543,153,RLUS1353,12,GLU-2
507,3.781,435.1722,193,RLUS1353,12,GLU-2
507,3.781,437.0806,113,RLUS1353,12,GLU-2
507,3.781,448.288,297,RLUS1353,12,GLU-2
507,3.781,449.2786,105,RLUS1353,12,GLU-2
507,3.781,450.3002,20737,RLUS1353,12,GLU-2
507,3.781,451.3053,7298,RLUS1353,12,GLU-2
507,3.781,452.305,1433,RLUS1353,12,GLU-2
507,3.781,453.3153,309,RLUS1353,12,GLU-2
507,3.781,456.2718,139,RLUS1353,12,GLU-2
507,3.781,460.2461,229,RLUS1353,12,GLU-2
507,3.781,464.3071,453,RLUS1353,12,GLU-2
507,3.781,466.292,469,RLUS1353,12,GLU-2
507,3.781,467.296,112,RLUS1353,12,GLU-2
507,3.781,468.3106,7889,RLUS1353,12,GLU-2
507,3.781,469.0889,193,RLUS1353,12,GLU-2
507,3.781,469.3163,2728,RLUS1353,12,GLU-2
508,3.788,432.2407,1535,RLUS1353,12,GLU-2
508,3.788,432.2904,1593,RLUS1353,12,GLU-2
508,3.788,433.2351,169,RLUS1353,12,GLU-2
508,3.788,433.2855,473,RLUS1353,12,GLU-2
508,3.788,434.2886,132,RLUS1353,12,GLU-2
508,3.788,435.1667,397,RLUS1353,12,GLU-2
508,3.788,436.1659,233,RLUS1353,12,GLU-2
508,3.788,436.252,137,RLUS1353,12,GLU-2
508,3.788,436.9572,164,RLUS1353,12,GLU-2
508,3.788,437.159,144,RLUS1353,12,GLU-2
508,3.788,438.1588,102,RLUS1353,12,GLU-2
508,3.788,448.2846,246,RLUS1353,12,GLU-2
508,3.788,450.2994,13852,RLUS1353,12,GLU-2
508,3.788,451.3044,4343,RLUS1353,12,GLU-2
508,3.788,452.3062,1312,RLUS1353,12,GLU-2
508,3.788,453.3102,168,RLUS1353,12,GLU-2
508,3.788,456.2642,175,RLUS1353,12,GLU-2
508,3.788,460.235,147,RLUS1353,12,GLU-2
508,3.788,464.2788,124,RLUS1353,12,GLU-2
508,3.788,464.3225,248,RLUS1353,12,GLU-2
508,3.788,466.293,440,RLUS1353,12,GLU-2
508,3.788,467.306,284,RLUS1353,12,GLU-2
508,3.788,468.3088,5447,RLUS1353,12,GLU-2
508,3.788,469.0949,274,RLUS1353,12,GLU-2
508,3.788,469.3149,1639,RLUS1353,12,GLU-2
509,3.795,432.2372,1284,RLUS1353,12,GLU-2
509,3.795,432.2894,1371,RLUS1353,12,GLU-2
509,3.795,433.237,563,RLUS1353,12,GLU-2
509,3.795,433.2896,495,RLUS1353,12,GLU-2
509,3.795,435.1671,293,RLUS1353,12,GLU-2
509,3.795,436.2064,102,RLUS1353,12,GLU-2
509,3.795,436.2564,111,RLUS1353,12,GLU-2
509,3.795,449.2915,144,RLUS1353,12,GLU-2
509,3.795,450.3,13744,RLUS1353,12,GLU-2
509,3.795,451.3008,4522,RLUS1353,12,GLU-2
509,3.795,452.3102,649,RLUS1353,12,GLU-2
509,3.795,453.3022,187,RLUS1353,12,GLU-2
509,3.795,456.276,112,RLUS1353,12,GLU-2
509,3.795,460.2312,346,RLUS1353,12,GLU-2
509,3.795,464.3058,112,RLUS1353,12,GLU-2
509,3.795,466.2958,765,RLUS1353,12,GLU-2
509,3.795,467.2996,299,RLUS1353,12,GLU-2
509,3.795,468.3106,4854,RLUS1353,12,GLU-2
509,3.795,469.0944,227,RLUS1353,12,GLU-2
509,3.795,469.3109,1252,RLUS1353,12,GLU-2
510,3.802,432.24,1228,RLUS1353,12,GLU-2
510,3.802,432.2924,1273,RLUS1353,12,GLU-2
510,3.802,433.2407,322,RLUS1353,12,GLU-2
510,3.802,433.2903,546,RLUS1353,12,GLU-2
510,3.802,434.2142,196,RLUS1353,12,GLU-2
510,3.802,434.2976,119,RLUS1353,12,GLU-2
510,3.802,435.1662,416,RLUS1353,12,GLU-2
510,3.802,437.1555,189,RLUS1353,12,GLU-2
510,3.802,448.2812,322,RLUS1353,12,GLU-2
510,3.802,449.0925,112,RLUS1353,12,GLU-2
510,3.802,449.9672,100,RLUS1353,12,GLU-2
510,3.802,450.3004,11756,RLUS1353,12,GLU-2
510,3.802,451.3024,3694,RLUS1353,12,GLU-2
510,3.802,452.3054,536,RLUS1353,12,GLU-2
510,3.802,453.3156,112,RLUS1353,12,GLU-2
510,3.802,456.114,127,RLUS1353,12,GLU-2
510,3.802,460.2478,267,RLUS1353,12,GLU-2
510,3.802,466.2919,702,RLUS1353,12,GLU-2
510,3.802,467.308,137,RLUS1353,12,GLU-2
510,3.802,468.31,3818,RLUS1353,12,GLU-2
510,3.802,469.3174,1395,RLUS1353,12,GLU-2
511,3.81,432.2394,941,RLUS1353,12,GLU-2
511,3.81,432.2868,1586,RLUS1353,12,GLU-2
511,3.81,433.1041,116,RLUS1353,12,GLU-2
511,3.81,433.2326,200,RLUS1353,12,GLU-2
511,3.81,433.2874,771,RLUS1353,12,GLU-2
511,3.81,434.2396,104,RLUS1353,12,GLU-2
511,3.81,435.169,320,RLUS1353,12,GLU-2
511,3.81,436.9524,104,RLUS1353,12,GLU-2
511,3.81,437.3292,114,RLUS1353,12,GLU-2
511,3.81,446.2054,135,RLUS1353,12,GLU-2
511,3.81,448.2798,191,RLUS1353,12,GLU-2
511,3.81,449.2829,116,RLUS1353,12,GLU-2
511,3.81,450.3008,14237,RLUS1353,12,GLU-2
511,3.81,451.3021,4828,RLUS1353,12,GLU-2
511,3.81,452.308,847,RLUS1353,12,GLU-2
511,3.81,453.3023,210,RLUS1353,12,GLU-2
511,3.81,456.271,128,RLUS1353,12,GLU-2
511,3.81,460.2352,298,RLUS1353,12,GLU-2
511,3.81,466.2946,827,RLUS1353,12,GLU-2
511,3.81,467.3029,463,RLUS1353,12,GLU-2
511,3.81,468.309,4200,RLUS1353,12,GLU-2
511,3.81,469.3126,1078,RLUS1353,12,GLU-2
512,3.817,432.2387,673,RLUS1353,12,GLU-2
512,3.817,432.2901,616,RLUS1353,12,GLU-2
512,3.817,433.2498,112,RLUS1353,12,GLU-2
512,3.817,433.292,386,RLUS1353,12,GLU-2
512,3.817,434.296,134,RLUS1353,12,GLU-2
512,3.817,435.1652,192,RLUS1353,12,GLU-2
512,3.817,437.1648,188,RLUS1353,12,GLU-2
512,3.817,446.2246,108,RLUS1353,12,GLU-2
512,3.817,448.2791,281,RLUS1353,12,GLU-2
512,3.817,449.2908,104,RLUS1353,12,GLU-2
512,3.817,450.2996,10189,RLUS1353,12,GLU-2
512,3.817,451.302,3019,RLUS1353,12,GLU-2
512,3.817,452.3038,852,RLUS1353,12,GLU-2
512,3.817,464.3132,184,RLUS1353,12,GLU-2
512,3.817,466.2944,929,RLUS1353,12,GLU-2
512,3.817,467.3051,283,RLUS1353,12,GLU-2
512,3.817,468.3102,2529,RLUS1353,12,GLU-2
512,3.817,469.3138,851,RLUS1353,12,GLU-2
23,3.698,450.298,291,RLUS1353,12,GLU-3
23,3.698,451.2938,153,RLUS1353,12,GLU-3
23,3.698,453.7728,106,RLUS1353,12,GLU-3
23,3.698,453.792,387,RLUS1353,12,GLU-3
496,3.703,432.238,523,RLUS1353,12,GLU-3
496,3.703,432.2894,543,RLUS1353,12,GLU-3
496,3.703,433.2458,154,RLUS1353,12,GLU-3
496,3.703,433.2934,104,RLUS1353,12,GLU-3
496,3.703,435.1603,473,RLUS1353,12,GLU-3
496,3.703,436.1654,111,RLUS1353,12,GLU-3
496,3.703,436.2446,137,RLUS1353,12,GLU-3
496,3.703,437.1689,131,RLUS1353,12,GLU-3
496,3.703,439.3491,1083,RLUS1353,12,GLU-3
496,3.703,440.3596,405,RLUS1353,12,GLU-3
496,3.703,440.8984,121,RLUS1353,12,GLU-3
496,3.703,442.2842,122,RLUS1353,12,GLU-3
496,3.703,448.2823,1721,RLUS1353,12,GLU-3
496,3.703,449.29,670,RLUS1353,12,GLU-3
496,3.703,449.3878,153,RLUS1353,12,GLU-3
496,3.703,450.3008,2680,RLUS1353,12,GLU-3
496,3.703,451.3018,1023,RLUS1353,12,GLU-3
496,3.703,452.2675,179,RLUS1353,12,GLU-3
496,3.703,456.2698,129,RLUS1353,12,GLU-3
496,3.703,464.2808,306,RLUS1353,12,GLU-3
496,3.703,466.1872,150,RLUS1353,12,GLU-3
496,3.703,466.2951,1667,RLUS1353,12,GLU-3
496,3.703,466.7933,136,RLUS1353,12,GLU-3
496,3.703,467.1555,145,RLUS1353,12,GLU-3
496,3.703,467.303,775,RLUS1353,12,GLU-3
496,3.703,468.3058,495,RLUS1353,12,GLU-3
496,3.703,470.1351,132,RLUS1353,12,GLU-3
497,3.71,431.2657,113,RLUS1353,12,GLU-3
497,3.71,431.8948,127,RLUS1353,12,GLU-3
497,3.71,432.244,653,RLUS1353,12,GLU-3
497,3.71,432.2869,244,RLUS1353,12,GLU-3
497,3.71,433.2432,101,RLUS1353,12,GLU-3
497,3.71,435.1686,536,RLUS1353,12,GLU-3
497,3.71,436.7012,129,RLUS1353,12,GLU-3
497,3.71,437.1617,261,RLUS1353,12,GLU-3
497,3.71,439.3496,533,RLUS1353,12,GLU-3
497,3.71,440.3665,104,RLUS1353,12,GLU-3
497,3.71,441.4056,130,RLUS1353,12,GLU-3
497,3.71,442.2994,219,RLUS1353,12,GLU-3
497,3.71,448.284,1472,RLUS1353,12,GLU-3
497,3.71,449.2883,524,RLUS1353,12,GLU-3
497,3.71,449.3813,110,RLUS1353,12,GLU-3
497,3.71,450.301,2613,RLUS1353,12,GLU-3
497,3.71,451.301,701,RLUS1353,12,GLU-3
497,3.71,452.3066,210,RLUS1353,12,GLU-3
497,3.71,453.1731,218,RLUS1353,12,GLU-3
497,3.71,456.2758,115,RLUS1353,12,GLU-3
497,3.71,460.2449,159,RLUS1353,12,GLU-3
497,3.71,464.2744,365,RLUS1353,12,GLU-3
497,3.71,465.1192,109,RLUS1353,12,GLU-3
497,3.71,465.284,111,RLUS1353,12,GLU-3
497,3.71,466.2986,1051,RLUS1353,12,GLU-3
497,3.71,467.2964,223,RLUS1353,12,GLU-3
497,3.71,468.308,579,RLUS1353,12,GLU-3
497,3.71,469.3104,204,RLUS1353,12,GLU-3
497,3.71,470.0996,144,RLUS1353,12,GLU-3
498,3.717,431.274,170,RLUS1353,12,GLU-3
498,3.717,432.239,2772,RLUS1353,12,GLU-3
498,3.717,432.2868,366,RLUS1353,12,GLU-3
498,3.717,433.2424,937,RLUS1353,12,GLU-3
498,3.717,433.2913,314,RLUS1353,12,GLU-3
498,3.717,433.7187,141,RLUS1353,12,GLU-3
498,3.717,435.1614,546,RLUS1353,12,GLU-3
498,3.717,435.2436,192,RLUS1353,12,GLU-3
498,3.717,436.1598,174,RLUS1353,12,GLU-3
498,3.717,436.9508,161,RLUS1353,12,GLU-3
498,3.717,437.1635,392,RLUS1353,12,GLU-3
498,3.717,438.258,202,RLUS1353,12,GLU-3
498,3.717,439.3542,386,RLUS1353,12,GLU-3
498,3.717,440.3498,184,RLUS1353,12,GLU-3
498,3.717,443.0949,142,RLUS1353,12,GLU-3
498,3.717,443.6992,106,RLUS1353,12,GLU-3
498,3.717,445.1108,103,RLUS1353,12,GLU-3
498,3.717,448.2824,1452,RLUS1353,12,GLU-3
498,3.717,449.2826,359,RLUS1353,12,GLU-3
498,3.717,450.2984,4273,RLUS1353,12,GLU-3
498,3.717,451.3064,1186,RLUS1353,12,GLU-3
498,3.717,452.3034,190,RLUS1353,12,GLU-3
498,3.717,453.1756,144,RLUS1353,12,GLU-3
498,3.717,456.2793,185,RLUS1353,12,GLU-3
498,3.717,460.2123,163,RLUS1353,12,GLU-3
498,3.717,464.2838,110,RLUS1353,12,GLU-3
498,3.717,465.2776,111,RLUS1353,12,GLU-3
498,3.717,465.312,149,RLUS1353,12,GLU-3
498,3.717,466.2986,1006,RLUS1353,12,GLU-3
498,3.717,467.2946,284,RLUS1353,12,GLU-3
498,3.717,468.303,598,RLUS1353,12,GLU-3
498,3.717,469.099,168,RLUS1353,12,GLU-3
498,3.717,469.3254,207,RLUS1353,12,GLU-3
499,3.724,431.2694,137,RLUS1353,12,GLU-3
499,3.724,432.2382,9051,RLUS1353,12,GLU-3
499,3.724,432.2892,884,RLUS1353,12,GLU-3
499,3.724,433.242,3068,RLUS1353,12,GLU-3
499,3.724,433.2988,194,RLUS1353,12,GLU-3
499,3.724,434.2452,501,RLUS1353,12,GLU-3
499,3.724,435.1649,745,RLUS1353,12,GLU-3
499,3.724,435.2203,138,RLUS1353,12,GLU-3
499,3.724,435.2526,208,RLUS1353,12,GLU-3
499,3.724,436.1711,126,RLUS1353,12,GLU-3
499,3.724,436.242,153,RLUS1353,12,GLU-3
499,3.724,436.9606,146,RLUS1353,12,GLU-3
499,3.724,437.1661,494,RLUS1353,12,GLU-3
499,3.724,438.257,184,RLUS1353,12,GLU-3
499,3.724,439.3528,228,RLUS1353,12,GLU-3
499,3.724,442.1185,112,RLUS1353,12,GLU-3
499,3.724,444.0887,181,RLUS1353,12,GLU-3
499,3.724,446.2248,127,RLUS1353,12,GLU-3
499,3.724,446.2734,105,RLUS1353,12,GLU-3
499,3.724,448.2838,1014,RLUS1353,12,GLU-3
499,3.724,449.2936,235,RLUS1353,12,GLU-3
499,3.724,449.8478,105,RLUS1353,12,GLU-3
499,3.724,450.3002,7613,RLUS1353,12,GLU-3
499,3.724,451.3019,2469,RLUS1353,12,GLU-3
499,3.724,452.3079,592,RLUS1353,12,GLU-3
499,3.724,456.2739,635,RLUS1353,12,GLU-3
499,3.724,460.2226,143,RLUS1353,12,GLU-3
499,3.724,464.2966,324,RLUS1353,12,GLU-3
499,3.724,465.289,123,RLUS1353,12,GLU-3
499,3.724,466.2915,963,RLUS1353,12,GLU-3
499,3.724,467.305,319,RLUS1353,12,GLU-3
499,3.724,468.3097,1633,RLUS1353,12,GLU-3
499,3.724,469.1042,284,RLUS1353,12,GLU-3
499,3.724,469.3135,474,RLUS1353,12,GLU-3
500,3.731,432.2381,19956,RLUS1353,12,GLU-3
500,3.731,432.2891,2462,RLUS1353,12,GLU-3
500,3.731,433.2419,5564,RLUS1353,12,GLU-3
500,3.731,433.2934,685,RLUS1353,12,GLU-3
500,3.731,434.2474,742,RLUS1353,12,GLU-3
500,3.731,434.2923,105,RLUS1353,12,GLU-3
500,3.731,435.166,426,RLUS1353,12,GLU-3
500,3.731,435.2584,248,RLUS1353,12,GLU-3
500,3.731,436.1716,146,RLUS1353,12,GLU-3
500,3.731,437.1671,142,RLUS1353,12,GLU-3
500,3.731,438.2638,110,RLUS1353,12,GLU-3
500,3.731,439.3558,164,RLUS1353,12,GLU-3
500,3.731,443.0978,384,RLUS1353,12,GLU-3
500,3.731,443.214,330,RLUS1353,12,GLU-3
500,3.731,445.1018,300,RLUS1353,12,GLU-3
500,3.731,446.2224,108,RLUS1353,12,GLU-3
500,3.731,446.2662,180,RLUS1353,12,GLU-3
500,3.731,448.2066,115,RLUS1353,12,GLU-3
500,3.731,448.2864,650,RLUS1353,12,GLU-3
500,3.731,449.2882,269,RLUS1353,12,GLU-3
500,3.731,449.7193,102,RLUS1353,12,GLU-3
500,3.731,450.3004,19995,RLUS1353,12,GLU-3
500,3.731,451.3048,6082,RLUS1353,12,GLU-3
500,3.731,452.3052,1243,RLUS1353,12,GLU-3
500,3.731,453.1743,222,RLUS1353,12,GLU-3
500,3.731,456.2734,987,RLUS1353,12,GLU-3
500,3.731,457.2727,178,RLUS1353,12,GLU-3
500,3.731,460.2318,300,RLUS1353,12,GLU-3
500,3.731,460.2683,187,RLUS1353,12,GLU-3
500,3.731,461.256,205,RLUS1353,12,GLU-3
500,3.731,463.2656,127,RLUS1353,12,GLU-3
500,3.731,464.3173,174,RLUS1353,12,GLU-3
500,3.731,466.296,1190,RLUS1353,12,GLU-3
500,3.731,467.3004,330,RLUS1353,12,GLU-3
500,3.731,467.8516,126,RLUS1353,12,GLU-3
500,3.731,468.312,6001,RLUS1353,12,GLU-3
500,3.731,469.0984,252,RLUS1353,12,GLU-3
500,3.731,469.3162,1790,RLUS1353,12,GLU-3
501,3.738,430.809,162,RLUS1353,12,GLU-3
501,3.738,431.2754,150,RLUS1353,12,GLU-3
501,3.738,432.2388,24417,RLUS1353,12,GLU-3
501,3.738,432.2892,10242,RLUS1353,12,GLU-3
501,3.738,433.2404,6778,RLUS1353,12,GLU-3
501,3.738,433.291,3953,RLUS1353,12,GLU-3
501,3.738,434.2424,1354,RLUS1353,12,GLU-3
501,3.738,434.2918,663,RLUS1353,12,GLU-3
501,3.738,435.1662,419,RLUS1353,12,GLU-3
501,3.738,435.2516,358,RLUS1353,12,GLU-3
501,3.738,436.2491,186,RLUS1353,12,GLU-3
501,3.738,437.172,113,RLUS1353,12,GLU-3
501,3.738,438.2612,266,RLUS1353,12,GLU-3
501,3.738,441.0878,145,RLUS1353,12,GLU-3
501,3.738,443.0974,554,RLUS1353,12,GLU-3
501,3.738,443.2155,263,RLUS1353,12,GLU-3
501,3.738,445.0982,257,RLUS1353,12,GLU-3
501,3.738,446.22,170,RLUS1353,12,GLU-3
501,3.738,446.2606,127,RLUS1353,12,GLU-3
501,3.738,448.2844,1636,RLUS1353,12,GLU-3
501,3.738,449.2902,603,RLUS1353,12,GLU-3
501,3.738,450.2003,122,RLUS1353,12,GLU-3
501,3.738,450.3008,82877,RLUS1353,12,GLU-3
501,3.738,450.4,134,RLUS1353,12,GLU-3
501,3.738,451.0842,128,RLUS1353,12,GLU-3
501,3.738,451.3039,23473,RLUS1353,12,GLU-3
501,3.738,452.3066,4981,RLUS1353,12,GLU-3
501,3.738,453.3056,466,RLUS1353,12,GLU-3
501,3.738,455.1622,143,RLUS1353,12,GLU-3
501,3.738,456.1568,178,RLUS1353,12,GLU-3
501,3.738,456.2728,1103,RLUS1353,12,GLU-3
501,3.738,457.2759,102,RLUS1353,12,GLU-3
501,3.738,460.2358,320,RLUS1353,12,GLU-3
501,3.738,460.2761,241,RLUS1353,12,GLU-3
501,3.738,464.2787,156,RLUS1353,12,GLU-3
501,3.738,464.3172,143,RLUS1353,12,GLU-3
501,3.738,465.278,156,RLUS1353,12,GLU-3
501,3.738,466.2952,2123,RLUS1353,12,GLU-3
501,3.738,467.0875,140,RLUS1353,12,GLU-3
501,3.738,467.3006,667,RLUS1353,12,GLU-3
501,3.738,468.093,149,RLUS1353,12,GLU-3
501,3.738,468.311,20217,RLUS1353,12,GLU-3
501,3.738,469.0948,405,RLUS1353,12,GLU-3
501,3.738,469.3134,6898,RLUS1353,12,GLU-3
502,3.746,430.5936,125,RLUS1353,12,GLU-3
502,3.746,432.2396,21647,RLUS1353,12,GLU-3
502,3.746,432.2894,30738,RLUS1353,12,GLU-3
502,3.746,433.2424,5797,RLUS1353,12,GLU-3
502,3.746,433.2916,11079,RLUS1353,12,GLU-3
502,3.746,434.1791,103,RLUS1353,12,GLU-3
502,3.746,434.2442,1130,RLUS1353,12,GLU-3
502,3.746,434.2944,1847,RLUS1353,12,GLU-3
502,3.746,435.1658,387,RLUS1353,12,GLU-3
502,3.746,435.255,300,RLUS1353,12,GLU-3
502,3.746,435.2946,327,RLUS1353,12,GLU-3
502,3.746,436.1714,160,RLUS1353,12,GLU-3
502,3.746,436.2436,247,RLUS1353,12,GLU-3
502,3.746,437.1656,213,RLUS1353,12,GLU-3
502,3.746,438.2555,303,RLUS1353,12,GLU-3
502,3.746,439.2718,138,RLUS1353,12,GLU-3
502,3.746,439.3795,104,RLUS1353,12,GLU-3
502,3.746,441.0808,133,RLUS1353,12,GLU-3
502,3.746,443.1014,633,RLUS1353,12,GLU-3
502,3.746,443.2166,316,RLUS1353,12,GLU-3
502,3.746,444.1204,161,RLUS1353,12,GLU-3
502,3.746,445.1016,257,RLUS1353,12,GLU-3
502,3.746,446.2228,218,RLUS1353,12,GLU-3
502,3.746,446.2762,115,RLUS1353,12,GLU-3
502,3.746,448.2859,3517,RLUS1353,12,GLU-3
502,3.746,449.2908,1390,RLUS1353,12,GLU-3
502,3.746,449.9296,118,RLUS1353,12,GLU-3
502,3.746,450.2008,173,RLUS1353,12,GLU-3
502,3.746,450.3012,276892,RLUS1353,12,GLU-3
502,3.746,450.3615,4198,RLUS1353,12,GLU-3
502,3.746,450.477,154,RLUS1353,12,GLU-3
502,3.746,450.5484,102,RLUS1353,12,GLU-3
502,3.746,450.5892,156,RLUS1353,12,GLU-3
502,3.746,451.2164,147,RLUS1353,12,GLU-3
502,3.746,451.3044,85167,RLUS1353,12,GLU-3
502,3.746,451.425,166,RLUS1353,12,GLU-3
502,3.746,452.1923,102,RLUS1353,12,GLU-3
502,3.746,452.3076,15270,RLUS1353,12,GLU-3
502,3.746,453.3081,1626,RLUS1353,12,GLU-3
502,3.746,453.9539,100,RLUS1353,12,GLU-3
502,3.746,454.283,197,RLUS1353,12,GLU-3
502,3.746,454.31,360,RLUS1353,12,GLU-3
502,3.746,456.272,965,RLUS1353,12,GLU-3
502,3.746,457.283,209,RLUS1353,12,GLU-3
502,3.746,460.2329,256,RLUS1353,12,GLU-3
502,3.746,464.2779,267,RLUS1353,12,GLU-3
502,3.746,464.3164,268,RLUS1353,12,GLU-3
502,3.746,465.2928,415,RLUS1353,12,GLU-3
502,3.746,466.0228,135,RLUS1353,12,GLU-3
502,3.746,466.2961,5275,RLUS1353,12,GLU-3
502,3.746,467.2961,1767,RLUS1353,12,GLU-3
502,3.746,468.3112,71231,RLUS1353,12,GLU-3
502,3.746,469.0491,117,RLUS1353,12,GLU-3
502,3.746,469.0927,459,RLUS1353,12,GLU-3
502,3.746,469.3154,23423,RLUS1353,12,GLU-3
502,3.746,470.0983,125,RLUS1353,12,GLU-3
502,3.746,470.1926,101,RLUS1353,12,GLU-3
503,3.753,431.2869,584,RLUS1353,12,GLU-3
503,3.753,432.1734,122,RLUS1353,12,GLU-3
503,3.753,432.2382,10790,RLUS1353,12,GLU-3
503,3.753,432.2897,48886,RLUS1353,12,GLU-3
503,3.753,433.2373,2467,RLUS1353,12,GLU-3
503,3.753,433.2922,16303,RLUS1353,12,GLU-3
503,3.753,434.2393,372,RLUS1353,12,GLU-3
503,3.753,434.2882,2714,RLUS1353,12,GLU-3
503,3.753,435.1718,651,RLUS1353,12,GLU-3
503,3.753,435.2992,394,RLUS1353,12,GLU-3
503,3.753,436.2448,103,RLUS1353,12,GLU-3
503,3.753,437.1815,146,RLUS1353,12,GLU-3
503,3.753,438.26,172,RLUS1353,12,GLU-3
503,3.753,441.0884,119,RLUS1353,12,GLU-3
503,3.753,443.1052,341,RLUS1353,12,GLU-3
503,3.753,445.1043,234,RLUS1353,12,GLU-3
503,3.753,446.2156,128,RLUS1353,12,GLU-3
503,3.753,446.2693,155,RLUS1353,12,GLU-3
503,3.753,448.2841,5181,RLUS1353,12,GLU-3
503,3.753,449.2878,2047,RLUS1353,12,GLU-3
503,3.753,449.3526,103,RLUS1353,12,GLU-3
503,3.753,449.9157,156,RLUS1353,12,GLU-3
503,3.753,450.1362,165,RLUS1353,12,GLU-3
503,3.753,450.185,137,RLUS1353,12,GLU-3
503,3.753,450.2308,318,RLUS1353,12,GLU-3
503,3.753,450.3008,422917,RLUS1353,12,GLU-3
503,3.753,450.3622,8233,RLUS1353,12,GLU-3
503,3.753,450.4789,495,RLUS1353,12,GLU-3
503,3.753,450.5344,124,RLUS1353,12,GLU-3
503,3.753,450.5916,707,RLUS1353,12,GLU-3
503,3.753,450.655,157,RLUS1353,12,GLU-3
503,3.753,450.7796,119,RLUS1353,12,GLU-3
503,3.753,450.9352,107,RLUS1353,12,GLU-3
503,3.753,451.2026,106,RLUS1353,12,GLU-3
503,3.753,451.3044,134690,RLUS1353,12,GLU-3
503,3.753,451.3654,910,RLUS1353,12,GLU-3
503,3.753,451.4468,211,RLUS1353,12,GLU-3
503,3.753,451.4966,101,RLUS1353,12,GLU-3
503,3.753,452.193,131,RLUS1353,12,GLU-3
503,3.753,452.307,21178,RLUS1353,12,GLU-3
503,3.753,453.3089,3222,RLUS1353,12,GLU-3
503,3.753,454.1582,109,RLUS1353,12,GLU-3
503,3.753,454.3186,307,RLUS1353,12,GLU-3
503,3.753,456.2776,595,RLUS1353,12,GLU-3
503,3.753,460.2433,149,RLUS1353,12,GLU-3
503,3.753,464.2802,808,RLUS1353,12,GLU-3
503,3.753,465.2824,225,RLUS1353,12,GLU-3
503,3.753,466.2944,6195,RLUS1353,12,GLU-3
503,3.753,467.3003,2291,RLUS1353,12,GLU-3
503,3.753,468.3108,106098,RLUS1353,12,GLU-3
503,3.753,468.4283,137,RLUS1353,12,GLU-3
503,3.753,469.1042,146,RLUS1353,12,GLU-3
503,3.753,469.3138,33280,RLUS1353,12,GLU-3
503,3.753,470.0947,210,RLUS1353,12,GLU-3
504,3.76,431.2794,432,RLUS1353,12,GLU-3
504,3.76,432.2364,4804,RLUS1353,12,GLU-3
504,3.76,432.2892,48995,RLUS1353,12,GLU-3
504,3.76,433.2404,1558,RLUS1353,12,GLU-3
504,3.76,433.2904,17359,RLUS1353,12,GLU-3
504,3.76,433.4146,143,RLUS1353,12,GLU-3
504,3.76,434.295,3486,RLUS1353,12,GLU-3
504,3.76,435.1736,298,RLUS1353,12,GLU-3
504,3.76,435.281,517,RLUS1353,12,GLU-3
504,3.76,435.6065,106,RLUS1353,12,GLU-3
504,3.76,436.1726,125,RLUS1353,12,GLU-3
504,3.76,436.2464,201,RLUS1353,12,GLU-3
504,3.76,437.1662,281,RLUS1353,12,GLU-3
504,3.76,443.1003,338,RLUS1353,12,GLU-3
504,3.76,444.1074,131,RLUS1353,12,GLU-3
504,3.76,445.0984,164,RLUS1353,12,GLU-3
504,3.76,446.2164,140,RLUS1353,12,GLU-3
504,3.76,446.2732,132,RLUS1353,12,GLU-3
504,3.76,446.7028,129,RLUS1353,12,GLU-3
504,3.76,448.2844,3849,RLUS1353,12,GLU-3
504,3.76,449.2884,1581,RLUS1353,12,GLU-3
504,3.76,449.6584,149,RLUS1353,12,GLU-3
504,3.76,449.7502,145,RLUS1353,12,GLU-3
504,3.76,449.9248,127,RLUS1353,12,GLU-3
504,3.76,450.0692,104,RLUS1353,12,GLU-3
504,3.76,450.1798,249,RLUS1353,12,GLU-3
504,3.76,450.2316,431,RLUS1353,12,GLU-3
504,3.76,450.3008,415315,RLUS1353,12,GLU-3
504,3.76,450.3618,8784,RLUS1353,12,GLU-3
504,3.76,450.4856,361,RLUS1353,12,GLU-3
504,3.76,450.5898,514,RLUS1353,12,GLU-3
504,3.76,450.6404,106,RLUS1353,12,GLU-3
504,3.76,450.8206,153,RLUS1353,12,GLU-3
504,3.76,450.8731,112,RLUS1353,12,GLU-3
504,3.76,451.1914,113,RLUS1353,12,GLU-3
504,3.76,451.3042,125387,RLUS1353,12,GLU-3
504,3.76,451.3661,710,RLUS1353,12,GLU-3
504,3.76,451.4258,115,RLUS1353,12,GLU-3
504,3.76,451.4964,104,RLUS1353,12,GLU-3
504,3.76,451.527,186,RLUS1353,12,GLU-3
504,3.76,452.1878,113,RLUS1353,12,GLU-3
504,3.76,452.3064,21085,RLUS1353,12,GLU-3
504,3.76,452.4982,162,RLUS1353,12,GLU-3
504,3.76,453.3106,2396,RLUS1353,12,GLU-3
504,3.76,455.6976,206,RLUS1353,12,GLU-3
504,3.76,456.2703,451,RLUS1353,12,GLU-3
504,3.76,457.275,110,RLUS1353,12,GLU-3
504,3.76,460.2288,127,RLUS1353,12,GLU-3
504,3.76,464.2898,1590,RLUS1353,12,GLU-3
504,3.76,465.2852,229,RLUS1353,12,GLU-3
504,3.76,466.2968,5021,RLUS1353,12,GLU-3
504,3.76,467.2975,1919,RLUS1353,12,GLU-3
504,3.76,467.9747,111,RLUS1353,12,GLU-3
504,3.76,468.236,105,RLUS1353,12,GLU-3
504,3.76,468.3111,102916,RLUS1353,12,GLU-3
504,3.76,469.0981,200,RLUS1353,12,GLU-3
504,3.76,469.2344,100,RLUS1353,12,GLU-3
504,3.76,469.3139,32559,RLUS1353,12,GLU-3
505,3.767,432.2366,3030,RLUS1353,12,GLU-3
505,3.767,432.2897,31230,RLUS1353,12,GLU-3
505,3.767,433.2391,1115,RLUS1353,12,GLU-3
505,3.767,433.2922,10970,RLUS1353,12,GLU-3
505,3.767,434.2356,140,RLUS1353,12,GLU-3
505,3.767,434.2972,2085,RLUS1353,12,GLU-3
505,3.767,435.1704,611,RLUS1353,12,GLU-3
505,3.767,435.2949,621,RLUS1353,12,GLU-3
505,3.767,436.2494,173,RLUS1353,12,GLU-3
505,3.767,437.1682,430,RLUS1353,12,GLU-3
505,3.767,439.3563,156,RLUS1353,12,GLU-3
505,3.767,443.1056,180,RLUS1353,12,GLU-3
505,3.767,444.1094,134,RLUS1353,12,GLU-3
505,3.767,445.1023,148,RLUS1353,12,GLU-3
505,3.767,446.2736,146,RLUS1353,12,GLU-3
505,3.767,448.2858,2178,RLUS1353,12,GLU-3
505,3.767,449.2888,827,RLUS1353,12,GLU-3
505,3.767,449.7394,111,RLUS1353,12,GLU-3
505,3.767,449.9683,135,RLUS1353,12,GLU-3
505,3.767,450.1201,153,RLUS1353,12,GLU-3
505,3.767,450.3012,273140,RLUS1353,12,GLU-3
505,3.767,450.3619,3543,RLUS1353,12,GLU-3
505,3.767,450.4568,113,RLUS1353,12,GLU-3
505,3.767,450.487,114,RLUS1353,12,GLU-3
505,3.767,450.5853,145,RLUS1353,12,GLU-3
505,3.767,451.3044,82680,RLUS1353,12,GLU-3
505,3.767,451.4116,117,RLUS1353,12,GLU-3
505,3.767,451.5656,112,RLUS1353,12,GLU-3
505,3.767,452.3075,13966,RLUS1353,12,GLU-3
505,3.767,453.1578,110,RLUS1353,12,GLU-3
505,3.767,453.3082,1783,RLUS1353,12,GLU-3
505,3.767,454.3136,224,RLUS1353,12,GLU-3
505,3.767,456.2706,378,RLUS1353,12,GLU-3
505,3.767,460.2393,197,RLUS1353,12,GLU-3
505,3.767,464.2799,1199,RLUS1353,12,GLU-3
505,3.767,464.3156,834,RLUS1353,12,GLU-3
505,3.767,465.2852,471,RLUS1353,12,GLU-3
505,3.767,465.3175,210,RLUS1353,12,GLU-3
505,3.767,466.2934,3479,RLUS1353,12,GLU-3
505,3.767,467.299,1627,RLUS1353,12,GLU-3
505,3.767,468.3118,64987,RLUS1353,12,GLU-3
505,3.767,469.0854,133,RLUS1353,12,GLU-3
505,3.767,469.314,21699,RLUS1353,12,GLU-3
506,3.774,431.1216,122,RLUS1353,12,GLU-3
506,3.774,431.2881,106,RLUS1353,12,GLU-3
506,3.774,432.2392,3257,RLUS1353,12,GLU-3
506,3.774,432.2892,16265,RLUS1353,12,GLU-3
506,3.774,433.2386,816,RLUS1353,12,GLU-3
506,3.774,433.2915,5291,RLUS1353,12,GLU-3
506,3.774,433.5943,103,RLUS1353,12,GLU-3
506,3.774,434.2372,142,RLUS1353,12,GLU-3
506,3.774,434.2983,1077,RLUS1353,12,GLU-3
506,3.774,435.1718,444,RLUS1353,12,GLU-3
506,3.774,435.2538,200,RLUS1353,12,GLU-3
506,3.774,437.0846,121,RLUS1353,12,GLU-3
506,3.774,437.1662,440,RLUS1353,12,GLU-3
506,3.774,439.3384,117,RLUS1353,12,GLU-3
506,3.774,441.0994,132,RLUS1353,12,GLU-3
506,3.774,443.1025,158,RLUS1353,12,GLU-3
506,3.774,444.1087,267,RLUS1353,12,GLU-3
506,3.774,445.1388,146,RLUS1353,12,GLU-3
506,3.774,448.2841,699,RLUS1353,12,GLU-3
506,3.774,449.289,428,RLUS1353,12,GLU-3
506,3.774,450.3008,128954,RLUS1353,12,GLU-3
506,3.774,450.3671,626,RLUS1353,12,GLU-3
506,3.774,451.203,125,RLUS1353,12,GLU-3
506,3.774,451.3032,39532,RLUS1353,12,GLU-3
506,3.774,452.3057,6907,RLUS1353,12,GLU-3
506,3.774,453.2598,129,RLUS1353,12,GLU-3
506,3.774,453.3124,933,RLUS1353,12,GLU-3
506,3.774,456.2686,120,RLUS1353,12,GLU-3
506,3.774,460.2356,137,RLUS1353,12,GLU-3
506,3.774,464.2744,561,RLUS1353,12,GLU-3
506,3.774,464.3109,1345,RLUS1353,12,GLU-3
506,3.774,465.29,337,RLUS1353,12,GLU-3
506,3.774,465.326,152,RLUS1353,12,GLU-3
506,3.774,466.2957,1665,RLUS1353,12,GLU-3
506,3.774,467.1312,106,RLUS1353,12,GLU-3
506,3.774,467.2949,535,RLUS1353,12,GLU-3
506,3.774,468.3104,33179,RLUS1353,12,GLU-3
506,3.774,469.0253,110,RLUS1353,12,GLU-3
506,3.774,469.3132,10727,RLUS1353,12,GLU-3
507,3.781,432.2396,3732,RLUS1353,12,GLU-3
507,3.781,432.2896,7361,RLUS1353,12,GLU-3
507,3.781,433.2391,981,RLUS1353,12,GLU-3
507,3.781,433.2906,2462,RLUS1353,12,GLU-3
507,3.781,434.2922,404,RLUS1353,12,GLU-3
507,3.781,435.1722,413,RLUS1353,12,GLU-3
507,3.781,436.17,283,RLUS1353,12,GLU-3
507,3.781,436.602,105,RLUS1353,12,GLU-3
507,3.781,437.1684,314,RLUS1353,12,GLU-3
507,3.781,439.3487,109,RLUS1353,12,GLU-3
507,3.781,443.1148,123,RLUS1353,12,GLU-3
507,3.781,445.112,119,RLUS1353,12,GLU-3
507,3.781,448.2852,625,RLUS1353,12,GLU-3
507,3.781,449.2908,311,RLUS1353,12,GLU-3
507,3.781,450.3005,58464,RLUS1353,12,GLU-3
507,3.781,450.4387,124,RLUS1353,12,GLU-3
507,3.781,451.3041,18026,RLUS1353,12,GLU-3
507,3.781,452.3074,3200,RLUS1353,12,GLU-3
507,3.781,453.2756,127,RLUS1353,12,GLU-3
507,3.781,453.3114,633,RLUS1353,12,GLU-3
507,3.781,453.8553,145,RLUS1353,12,GLU-3
507,3.781,456.2676,205,RLUS1353,12,GLU-3
507,3.781,460.268,135,RLUS1353,12,GLU-3
507,3.781,464.3088,1354,RLUS1353,12,GLU-3
507,3.781,465.3029,357,RLUS1353,12,GLU-3
507,3.781,466.2964,1036,RLUS1353,12,GLU-3
507,3.781,467.299,236,RLUS1353,12,GLU-3
507,3.781,468.3106,16225,RLUS1353,12,GLU-3
507,3.781,469.0977,167,RLUS1353,12,GLU-3
507,3.781,469.3154,5999,RLUS1353,12,GLU-3
508,3.788,432.2383,2293,RLUS1353,12,GLU-3
508,3.788,432.2912,4183,RLUS1353,12,GLU-3
508,3.788,433.239,798,RLUS1353,12,GLU-3
508,3.788,433.2916,1779,RLUS1353,12,GLU-3
508,3.788,434.2484,287,RLUS1353,12,GLU-3
508,3.788,434.2982,225,RLUS1353,12,GLU-3
508,3.788,435.1677,379,RLUS1353,12,GLU-3
508,3.788,435.2503,129,RLUS1353,12,GLU-3
508,3.788,436.1816,124,RLUS1353,12,GLU-3
508,3.788,436.2326,169,RLUS1353,12,GLU-3
508,3.788,437.1618,437,RLUS1353,12,GLU-3
508,3.788,438.2664,137,RLUS1353,12,GLU-3
508,3.788,448.2876,645,RLUS1353,12,GLU-3
508,3.788,449.2868,260,RLUS1353,12,GLU-3
508,3.788,450.3008,41131,RLUS1353,12,GLU-3
508,3.788,451.3051,12095,RLUS1353,12,GLU-3
508,3.788,452.3076,1981,RLUS1353,12,GLU-3
508,3.788,453.3028,218,RLUS1353,12,GLU-3
508,3.788,453.3756,120,RLUS1353,12,GLU-3
508,3.788,454.1688,101,RLUS1353,12,GLU-3
508,3.788,456.2702,173,RLUS1353,12,GLU-3
508,3.788,460.2234,103,RLUS1353,12,GLU-3
508,3.788,460.2718,106,RLUS1353,12,GLU-3
508,3.788,464.2795,206,RLUS1353,12,GLU-3
508,3.788,464.3138,360,RLUS1353,12,GLU-3
508,3.788,465.2936,101,RLUS1353,12,GLU-3
508,3.788,466.2971,1264,RLUS1353,12,GLU-3
508,3.788,467.2975,247,RLUS1353,12,GLU-3
508,3.788,468.1618,116,RLUS1353,12,GLU-3
508,3.788,468.3116,11589,RLUS1353,12,GLU-3
508,3.788,469.0834,133,RLUS1353,12,GLU-3
508,3.788,469.3163,3221,RLUS1353,12,GLU-3
508,3.788,470.0498,137,RLUS1353,12,GLU-3
509,3.796,432.2392,2907,RLUS1353,12,GLU-3
509,3.796,432.2898,4143,RLUS1353,12,GLU-3
509,3.796,433.2363,460,RLUS1353,12,GLU-3
509,3.796,433.2918,1729,RLUS1353,12,GLU-3
509,3.796,434.2374,161,RLUS1353,12,GLU-3
509,3.796,434.2912,507,RLUS1353,12,GLU-3
509,3.796,435.1667,450,RLUS1353,12,GLU-3
509,3.796,436.1726,220,RLUS1353,12,GLU-3
509,3.796,436.2468,183,RLUS1353,12,GLU-3
509,3.796,437.1676,324,RLUS1353,12,GLU-3
509,3.796,438.1561,131,RLUS1353,12,GLU-3
509,3.796,440.3138,100,RLUS1353,12,GLU-3
509,3.796,445.0968,109,RLUS1353,12,GLU-3
509,3.796,446.2061,144,RLUS1353,12,GLU-3
509,3.796,448.2815,636,RLUS1353,12,GLU-3
509,3.796,449.2951,440,RLUS1353,12,GLU-3
509,3.796,450.3016,34131,RLUS1353,12,GLU-3
509,3.796,451.3039,10978,RLUS1353,12,GLU-3
509,3.796,452.3058,2124,RLUS1353,12,GLU-3
509,3.796,453.3145,272,RLUS1353,12,GLU-3
509,3.796,453.3648,134,RLUS1353,12,GLU-3
509,3.796,460.2366,311,RLUS1353,12,GLU-3
509,3.796,464.2736,114,RLUS1353,12,GLU-3
509,3.796,464.3136,206,RLUS1353,12,GLU-3
509,3.796,465.2824,108,RLUS1353,12,GLU-3
509,3.796,466.293,1137,RLUS1353,12,GLU-3
509,3.796,467.2994,558,RLUS1353,12,GLU-3
509,3.796,468.3102,10819,RLUS1353,12,GLU-3
509,3.796,469.3138,2954,RLUS1353,12,GLU-3
510,3.803,432.2382,1884,RLUS1353,12,GLU-3
510,3.803,432.2888,3417,RLUS1353,12,GLU-3
510,3.803,433.2398,325,RLUS1353,12,GLU-3
510,3.803,433.2943,1308,RLUS1353,12,GLU-3
510,3.803,434.237,195,RLUS1353,12,GLU-3
510,3.803,434.2894,342,RLUS1353,12,GLU-3
510,3.803,435.162,411,RLUS1353,12,GLU-3
510,3.803,435.2452,139,RLUS1353,12,GLU-3
510,3.803,436.179,138,RLUS1353,12,GLU-3
510,3.803,436.256,216,RLUS1353,12,GLU-3
510,3.803,436.9479,120,RLUS1353,12,GLU-3
510,3.803,437.1618,120,RLUS1353,12,GLU-3
510,3.803,443.0966,150,RLUS1353,12,GLU-3
510,3.803,447.2322,119,RLUS1353,12,GLU-3
510,3.803,448.2835,422,RLUS1353,12,GLU-3
510,3.803,449.2866,400,RLUS1353,12,GLU-3
510,3.803,450.3012,29483,RLUS1353,12,GLU-3
510,3.803,451.0606,102,RLUS1353,12,GLU-3
510,3.803,451.3038,9097,RLUS1353,12,GLU-3
510,3.803,452.3073,2050,RLUS1353,12,GLU-3
510,3.803,453.3114,221,RLUS1353,12,GLU-3
510,3.803,456.2692,453,RLUS1353,12,GLU-3
510,3.803,460.2286,172,RLUS1353,12,GLU-3
510,3.803,464.2784,195,RLUS1353,12,GLU-3
510,3.803,464.3234,140,RLUS1353,12,GLU-3
510,3.803,466.2954,834,RLUS1353,12,GLU-3
510,3.803,467.3014,449,RLUS1353,12,GLU-3
510,3.803,468.1878,150,RLUS1353,12,GLU-3
510,3.803,468.31,8760,RLUS1353,12,GLU-3
510,3.803,469.0898,209,RLUS1353,12,GLU-3
510,3.803,469.3128,3007,RLUS1353,12,GLU-3
511,3.81,432.237,1451,RLUS1353,12,GLU-3
511,3.81,432.288,2974,RLUS1353,12,GLU-3
511,3.81,433.241,634,RLUS1353,12,GLU-3
511,3.81,433.2909,1678,RLUS1353,12,GLU-3
511,3.81,434.2267,124,RLUS1353,12,GLU-3
511,3.81,434.2906,107,RLUS1353,12,GLU-3
511,3.81,434.7227,114,RLUS1353,12,GLU-3
511,3.81,435.1598,429,RLUS1353,12,GLU-3
511,3.81,437.1708,242,RLUS1353,12,GLU-3
511,3.81,437.2421,108,RLUS1353,12,GLU-3
511,3.81,438.1682,103,RLUS1353,12,GLU-3
511,3.81,443.1,126,RLUS1353,12,GLU-3
511,3.81,446.1063,102,RLUS1353,12,GLU-3
511,3.81,446.1586,125,RLUS1353,12,GLU-3
511,3.81,446.2739,136,RLUS1353,12,GLU-3
511,3.81,448.293,758,RLUS1353,12,GLU-3
511,3.81,449.2896,221,RLUS1353,12,GLU-3
511,3.81,450.3004,25566,RLUS1353,12,GLU-3
511,3.81,451.3036,8149,RLUS1353,12,GLU-3
511,3.81,452.3062,1696,RLUS1353,12,GLU-3
511,3.81,453.2968,122,RLUS1353,12,GLU-3
511,3.81,456.2728,258,RLUS1353,12,GLU-3
511,3.81,457.2766,115,RLUS1353,12,GLU-3
511,3.81,460.2411,158,RLUS1353,12,GLU-3
511,3.81,464.283,235,RLUS1353,12,GLU-3
511,3.81,464.3202,176,RLUS1353,12,GLU-3
511,3.81,466.2988,1306,RLUS1353,12,GLU-3
511,3.81,467.295,121,RLUS1353,12,GLU-3
511,3.81,468.3118,6908,RLUS1353,12,GLU-3
511,3.81,469.09,114,RLUS1353,12,GLU-3
511,3.81,469.3146,2251,RLUS1353,12,GLU-3
512,3.817,430.4794,104,RLUS1353,12,GLU-3
512,3.817,432.2401,1431,RLUS1353,12,GLU-3
512,3.817,432.2895,3188,RLUS1353,12,GLU-3
512,3.817,433.2392,213,RLUS1353,12,GLU-3
512,3.817,433.2896,1121,RLUS1353,12,GLU-3
512,3.817,434.2335,104,RLUS1353,12,GLU-3
512,3.817,434.2948,314,RLUS1353,12,GLU-3
512,3.817,435.1746,540,RLUS1353,12,GLU-3
512,3.817,436.1706,228,RLUS1353,12,GLU-3
512,3.817,437.161,335,RLUS1353,12,GLU-3
512,3.817,448.2382,117,RLUS1353,12,GLU-3
512,3.817,448.284,1024,RLUS1353,12,GLU-3
512,3.817,449.2824,375,RLUS1353,12,GLU-3
512,3.817,450.3008,30979,RLUS1353,12,GLU-3
512,3.817,451.3042,10163,RLUS1353,12,GLU-3
512,3.817,452.306,1935,RLUS1353,12,GLU-3
512,3.817,453.1564,106,RLUS1353,12,GLU-3
512,3.817,453.3254,198,RLUS1353,12,GLU-3
512,3.817,456.2712,128,RLUS1353,12,GLU-3
512,3.817,460.2223,162,RLUS1353,12,GLU-3
512,3.817,461.246,185,RLUS1353,12,GLU-3
512,3.817,464.2706,110,RLUS1353,12,GLU-3
512,3.817,464.3214,294,RLUS1353,12,GLU-3
512,3.817,465.3056,195,RLUS1353,12,GLU-3
512,3.817,466.295,1845,RLUS1353,12,GLU-3
512,3.817,467.2965,330,RLUS1353,12,GLU-3
512,3.817,468.31,7275,RLUS1353,12,GLU-3
512,3.817,469.3136,1956,RLUS1353,12,GLU-3
512,3.817,470.3028,238,RLUS1353,12,GLU-3
23,3.698,436.8274,100,RLUS1353,12,GLU-4
23,3.698,451.8004,150,RLUS1353,12,GLU-4
23,3.698,453.7872,412,RLUS1353,12,GLU-4
496,3.703,432.244,266,RLUS1353,12,GLU-4
496,3.703,432.2914,290,RLUS1353,12,GLU-4
496,3.703,435.1596,685,RLUS1353,12,GLU-4
496,3.703,436.164,153,RLUS1353,12,GLU-4
496,3.703,436.6085,100,RLUS1353,12,GLU-4
496,3.703,437.1558,173,RLUS1353,12,GLU-4
496,3.703,439.3552,889,RLUS1353,12,GLU-4
496,3.703,442.2944,347,RLUS1353,12,GLU-4
496,3.703,448.2836,1297,RLUS1353,12,GLU-4
496,3.703,448.7189,103,RLUS1353,12,GLU-4
496,3.703,449.2821,500,RLUS1353,12,GLU-4
496,3.703,450.3023,2315,RLUS1353,12,GLU-4
496,3.703,451.3035,315,RLUS1353,12,GLU-4
496,3.703,453.1824,263,RLUS1353,12,GLU-4
496,3.703,453.7835,199,RLUS1353,12,GLU-4
496,3.703,454.175,114,RLUS1353,12,GLU-4
496,3.703,456.2962,106,RLUS1353,12,GLU-4
496,3.703,457.2536,135,RLUS1353,12,GLU-4
496,3.703,464.2834,452,RLUS1353,12,GLU-4
496,3.703,465.2779,241,RLUS1353,12,GLU-4
496,3.703,466.2942,1239,RLUS1353,12,GLU-4
496,3.703,467.3034,562,RLUS1353,12,GLU-4
496,3.703,468.2833,141,RLUS1353,12,GLU-4
496,3.703,468.313,329,RLUS1353,12,GLU-4
497,3.71,431.2792,199,RLUS1353,12,GLU-4
497,3.71,432.2304,461,RLUS1353,12,GLU-4
497,3.71,432.2864,286,RLUS1353,12,GLU-4
497,3.71,435.1628,243,RLUS1353,12,GLU-4
497,3.71,439.0147,101,RLUS1353,12,GLU-4
497,3.71,439.1637,140,RLUS1353,12,GLU-4
497,3.71,439.3541,430,RLUS1353,12,GLU-4
497,3.71,440.3528,136,RLUS1353,12,GLU-4
497,3.71,448.2824,729,RLUS1353,12,GLU-4
497,3.71,449.2458,114,RLUS1353,12,GLU-4
497,3.71,449.29,299,RLUS1353,12,GLU-4
497,3.71,450.2997,1329,RLUS1353,12,GLU-4
497,3.71,451.2986,702,RLUS1353,12,GLU-4
497,3.71,452.3123,116,RLUS1353,12,GLU-4
497,3.71,453.1812,189,RLUS1353,12,GLU-4
497,3.71,464.2814,175,RLUS1353,12,GLU-4
497,3.71,466.2929,1042,RLUS1353,12,GLU-4
497,3.71,467.2946,364,RLUS1353,12,GLU-4
497,3.71,468.3098,484,RLUS1353,12,GLU-4
497,3.71,469.3224,145,RLUS1353,12,GLU-4
498,3.717,432.2382,1715,RLUS1353,12,GLU-4
498,3.717,432.2866,386,RLUS1353,12,GLU-4
498,3.717,433.2424,365,RLUS1353,12,GLU-4
498,3.717,434.2412,100,RLUS1353,12,GLU-4
498,3.717,435.1652,226,RLUS1353,12,GLU-4
498,3.717,436.1574,145,RLUS1353,12,GLU-4
498,3.717,436.956,103,RLUS1353,12,GLU-4
498,3.717,439.3451,283,RLUS1353,12,GLU-4
498,3.717,443.4918,136,RLUS1353,12,GLU-4
498,3.717,448.2272,181,RLUS1353,12,GLU-4
498,3.717,448.284,835,RLUS1353,12,GLU-4
498,3.717,449.2868,211,RLUS1353,12,GLU-4
498,3.717,450.3029,2500,RLUS1353,12,GLU-4
498,3.717,451.3025,788,RLUS1353,12,GLU-4
498,3.717,452.3052,196,RLUS1353,12,GLU-4
498,3.717,456.2661,121,RLUS1353,12,GLU-4
498,3.717,458.2857,118,RLUS1353,12,GLU-4
498,3.717,460.2323,302,RLUS1353,12,GLU-4
498,3.717,464.2844,178,RLUS1353,12,GLU-4
498,3.717,464.3144,302,RLUS1353,12,GLU-4
498,3.717,466.2984,897,RLUS1353,12,GLU-4
498,3.717,467.2911,164,RLUS1353,12,GLU-4
498,3.717,468.309,933,RLUS1353,12,GLU-4
498,3.717,469.3182,292,RLUS1353,12,GLU-4
499,3.724,432.2396,5603,RLUS1353,12,GLU-4
499,3.724,432.2934,585,RLUS1353,12,GLU-4
499,3.724,433.2411,1016,RLUS1353,12,GLU-4
499,3.724,433.289,206,RLUS1353,12,GLU-4
499,3.724,434.2447,148,RLUS1353,12,GLU-4
499,3.724,435.1689,310,RLUS1353,12,GLU-4
499,3.724,437.1778,143,RLUS1353,12,GLU-4
499,3.724,443.1016,212,RLUS1353,12,GLU-4
499,3.724,443.2235,344,RLUS1353,12,GLU-4
499,3.724,446.2998,126,RLUS1353,12,GLU-4
499,3.724,448.2839,730,RLUS1353,12,GLU-4
499,3.724,449.293,121,RLUS1353,12,GLU-4
499,3.724,450.3026,5228,RLUS1353,12,GLU-4
499,3.724,451.3018,1637,RLUS1353,12,GLU-4
499,3.724,452.2968,340,RLUS1353,12,GLU-4
499,3.724,456.2743,172,RLUS1353,12,GLU-4
499,3.724,460.246,197,RLUS1353,12,GLU-4
499,3.724,461.2441,119,RLUS1353,12,GLU-4
499,3.724,464.3164,184,RLUS1353,12,GLU-4
499,3.724,466.2972,665,RLUS1353,12,GLU-4
499,3.724,468.3104,1125,RLUS1353,12,GLU-4
499,3.724,469.1016,155,RLUS1353,12,GLU-4
499,3.724,469.3179,366,RLUS1353,12,GLU-4
500,3.731,430.459,125,RLUS1353,12,GLU-4
500,3.731,432.2383,13121,RLUS1353,12,GLU-4
500,3.731,432.2952,1061,RLUS1353,12,GLU-4
500,3.731,433.2412,4346,RLUS1353,12,GLU-4
500,3.731,433.2957,407,RLUS1353,12,GLU-4
500,3.731,434.2447,713,RLUS1353,12,GLU-4
500,3.731,434.3026,112,RLUS1353,12,GLU-4
500,3.731,435.1632,392,RLUS1353,12,GLU-4
500,3.731,436.1717,104,RLUS1353,12,GLU-4
500,3.731,437.1643,218,RLUS1353,12,GLU-4
500,3.731,439.3637,128,RLUS1353,12,GLU-4
500,3.731,443.1001,174,RLUS1353,12,GLU-4
500,3.731,443.2106,143,RLUS1353,12,GLU-4
500,3.731,444.2224,165,RLUS1353,12,GLU-4
500,3.731,445.093,140,RLUS1353,12,GLU-4
500,3.731,446.2174,173,RLUS1353,12,GLU-4
500,3.731,448.2874,578,RLUS1353,12,GLU-4
500,3.731,450.3018,9189,RLUS1353,12,GLU-4
500,3.731,451.3041,2921,RLUS1353,12,GLU-4
500,3.731,452.3026,639,RLUS1353,12,GLU-4
500,3.731,456.2762,771,RLUS1353,12,GLU-4
500,3.731,460.232,204,RLUS1353,12,GLU-4
500,3.731,461.2342,176,RLUS1353,12,GLU-4
500,3.731,464.306,221,RLUS1353,12,GLU-4
500,3.731,466.2967,642,RLUS1353,12,GLU-4
500,3.731,467.3004,158,RLUS1353,12,GLU-4
500,3.731,468.3093,2652,RLUS1353,12,GLU-4
500,3.731,469.0992,161,RLUS1353,12,GLU-4
500,3.731,469.3202,834,RLUS1353,12,GLU-4
500,3.731,470.1016,212,RLUS1353,12,GLU-4
501,3.738,430.3985,129,RLUS1353,12,GLU-4
501,3.738,432.2394,18148,RLUS1353,12,GLU-4
501,3.738,432.2918,4689,RLUS1353,12,GLU-4
501,3.738,433.2424,4803,RLUS1353,12,GLU-4
501,3.738,433.2942,1698,RLUS1353,12,GLU-4
501,3.738,434.2468,865,RLUS1353,12,GLU-4
501,3.738,434.2993,237,RLUS1353,12,GLU-4
501,3.738,435.1682,380,RLUS1353,12,GLU-4
501,3.738,436.2459,143,RLUS1353,12,GLU-4
501,3.738,437.1649,148,RLUS1353,12,GLU-4
501,3.738,438.2664,232,RLUS1353,12,GLU-4
501,3.738,443.0976,375,RLUS1353,12,GLU-4
501,3.738,443.217,258,RLUS1353,12,GLU-4
501,3.738,446.2217,141,RLUS1353,12,GLU-4
501,3.738,446.2538,159,RLUS1353,12,GLU-4
501,3.738,448.286,873,RLUS1353,12,GLU-4
501,3.738,449.2854,138,RLUS1353,12,GLU-4
501,3.738,450.3006,34740,RLUS1353,12,GLU-4
501,3.738,451.3043,12603,RLUS1353,12,GLU-4
501,3.738,452.3056,2233,RLUS1353,12,GLU-4
501,3.738,453.3078,297,RLUS1353,12,GLU-4
501,3.738,456.278,586,RLUS1353,12,GLU-4
501,3.738,457.2716,148,RLUS1353,12,GLU-4
501,3.738,460.2589,327,RLUS1353,12,GLU-4
501,3.738,464.287,185,RLUS1353,12,GLU-4
501,3.738,466.2953,1145,RLUS1353,12,GLU-4
501,3.738,467.2983,517,RLUS1353,12,GLU-4
501,3.738,468.3114,11140,RLUS1353,12,GLU-4
501,3.738,469.0982,254,RLUS1353,12,GLU-4
501,3.738,469.3141,3108,RLUS1353,12,GLU-4
502,3.745,431.2808,207,RLUS1353,12,GLU-4
502,3.745,432.2404,19536,RLUS1353,12,GLU-4
502,3.745,432.2885,15908,RLUS1353,12,GLU-4
502,3.745,433.2418,4798,RLUS1353,12,GLU-4
502,3.745,433.2914,7377,RLUS1353,12,GLU-4
502,3.745,434.2492,791,RLUS1353,12,GLU-4
502,3.745,434.2974,927,RLUS1353,12,GLU-4
502,3.745,435.164,133,RLUS1353,12,GLU-4
502,3.745,435.2408,129,RLUS1353,12,GLU-4
502,3.745,435.3058,106,RLUS1353,12,GLU-4
502,3.745,437.165,217,RLUS1353,12,GLU-4
502,3.745,443.1044,420,RLUS1353,12,GLU-4
502,3.745,443.2186,299,RLUS1353,12,GLU-4
502,3.745,445.1244,157,RLUS1353,12,GLU-4
502,3.745,446.222,178,RLUS1353,12,GLU-4
502,3.745,448.2879,1706,RLUS1353,12,GLU-4
502,3.745,449.2854,839,RLUS1353,12,GLU-4
502,3.745,450.2018,117,RLUS1353,12,GLU-4
502,3.745,450.3008,116035,RLUS1353,12,GLU-4
502,3.745,450.4076,299,RLUS1353,12,GLU-4
502,3.745,451.3036,36419,RLUS1353,12,GLU-4
502,3.745,452.3076,6032,RLUS1353,12,GLU-4
502,3.745,453.3106,784,RLUS1353,12,GLU-4
502,3.745,454.3413,104,RLUS1353,12,GLU-4
502,3.745,456.2696,671,RLUS1353,12,GLU-4
502,3.745,457.2666,124,RLUS1353,12,GLU-4
502,3.745,460.2326,161,RLUS1353,12,GLU-4
502,3.745,460.2699,204,RLUS1353,12,GLU-4
502,3.745,461.239,113,RLUS1353,12,GLU-4
502,3.745,462.0844,122,RLUS1353,12,GLU-4
502,3.745,464.2826,158,RLUS1353,12,GLU-4
502,3.745,464.3337,133,RLUS1353,12,GLU-4
502,3.745,466.294,2086,RLUS1353,12,GLU-4
502,3.745,467.2985,833,RLUS1353,12,GLU-4
502,3.745,468.3122,32870,RLUS1353,12,GLU-4
502,3.745,469.0905,300,RLUS1353,12,GLU-4
502,3.745,469.3146,11360,RLUS1353,12,GLU-4
502,3.745,470.0994,206,RLUS1353,12,GLU-4
503,3.753,431.2732,183,RLUS1353,12,GLU-4
503,3.753,432.2388,10367,RLUS1353,12,GLU-4
503,3.753,432.2907,26640,RLUS1353,12,GLU-4
503,3.753,432.4626,135,RLUS1353,12,GLU-4
503,3.753,433.2404,3207,RLUS1353,12,GLU-4
503,3.753,433.2914,9282,RLUS1353,12,GLU-4
503,3.753,434.2416,289,RLUS1353,12,GLU-4
503,3.753,434.2931,1869,RLUS1353,12,GLU-4
503,3.753,435.162,315,RLUS1353,12,GLU-4
503,3.753,435.2967,294,RLUS1353,12,GLU-4
503,3.753,436.1681,146,RLUS1353,12,GLU-4
503,3.753,437.1683,316,RLUS1353,12,GLU-4
503,3.753,443.0996,291,RLUS1353,12,GLU-4
503,3.753,443.225,178,RLUS1353,12,GLU-4
503,3.753,445.0982,113,RLUS1353,12,GLU-4
503,3.753,447.1164,110,RLUS1353,12,GLU-4
503,3.753,448.2848,2571,RLUS1353,12,GLU-4
503,3.753,449.294,654,RLUS1353,12,GLU-4
503,3.753,450.0972,104,RLUS1353,12,GLU-4
503,3.753,450.3013,190994,RLUS1353,12,GLU-4
503,3.753,450.3634,1416,RLUS1353,12,GLU-4
503,3.753,450.4928,165,RLUS1353,12,GLU-4
503,3.753,450.5714,103,RLUS1353,12,GLU-4
503,3.753,451.0862,176,RLUS1353,12,GLU-4
503,3.753,451.1704,107,RLUS1353,12,GLU-4
503,3.753,451.3038,62107,RLUS1353,12,GLU-4
503,3.753,451.4053,145,RLUS1353,12,GLU-4
503,3.753,451.5709,101,RLUS1353,12,GLU-4
503,3.753,452.3072,10007,RLUS1353,12,GLU-4
503,3.753,453.31,999,RLUS1353,12,GLU-4
503,3.753,454.3218,155,RLUS1353,12,GLU-4
503,3.753,456.2752,515,RLUS1353,12,GLU-4
503,3.753,460.2331,184,RLUS1353,12,GLU-4
503,3.753,464.285,257,RLUS1353,12,GLU-4
503,3.753,465.2808,132,RLUS1353,12,GLU-4
503,3.753,465.3202,123,RLUS1353,12,GLU-4
503,3.753,466.2961,4012,RLUS1353,12,GLU-4
503,3.753,467.2996,1146,RLUS1353,12,GLU-4
503,3.753,468.3106,56184,RLUS1353,12,GLU-4
503,3.753,469.0994,140,RLUS1353,12,GLU-4
503,3.753,469.3144,18400,RLUS1353,12,GLU-4
504,3.76,431.2736,200,RLUS1353,12,GLU-4
504,3.76,432.2358,3395,RLUS1353,12,GLU-4
504,3.76,432.2896,25620,RLUS1353,12,GLU-4
504,3.76,433.235,912,RLUS1353,12,GLU-4
504,3.76,433.2892,9887,RLUS1353,12,GLU-4
504,3.76,434.2376,329,RLUS1353,12,GLU-4
504,3.76,434.294,1341,RLUS1353,12,GLU-4
504,3.76,435.1656,383,RLUS1353,12,GLU-4
504,3.76,435.2746,127,RLUS1353,12,GLU-4
504,3.76,437.1703,149,RLUS1353,12,GLU-4
504,3.76,445.0758,110,RLUS1353,12,GLU-4
504,3.76,446.2632,131,RLUS1353,12,GLU-4
504,3.76,448.2862,1978,RLUS1353,12,GLU-4
504,3.76,449.2909,610,RLUS1353,12,GLU-4
504,3.76,450.2242,171,RLUS1353,12,GLU-4
504,3.76,450.3012,183188,RLUS1353,12,GLU-4
504,3.76,450.3646,1434,RLUS1353,12,GLU-4
504,3.76,450.6878,133,RLUS1353,12,GLU-4
504,3.76,451.1201,155,RLUS1353,12,GLU-4
504,3.76,451.3033,59415,RLUS1353,12,GLU-4
504,3.76,452.2174,107,RLUS1353,12,GLU-4
504,3.76,452.3068,9728,RLUS1353,12,GLU-4
504,3.76,453.309,1159,RLUS1353,12,GLU-4
504,3.76,454.3084,132,RLUS1353,12,GLU-4
504,3.76,456.2208,103,RLUS1353,12,GLU-4
504,3.76,456.277,281,RLUS1353,12,GLU-4
504,3.76,464.283,639,RLUS1353,12,GLU-4
504,3.76,464.3249,248,RLUS1353,12,GLU-4
504,3.76,465.2844,177,RLUS1353,12,GLU-4
504,3.76,465.3155,155,RLUS1353,12,GLU-4
504,3.76,466.2985,2429,RLUS1353,12,GLU-4
504,3.76,467.2996,733,RLUS1353,12,GLU-4
504,3.76,468.3112,54579,RLUS1353,12,GLU-4
504,3.76,469.1656,122,RLUS1353,12,GLU-4
504,3.76,469.315,17535,RLUS1353,12,GLU-4
505,3.767,432.2352,1961,RLUS1353,12,GLU-4
505,3.767,432.2898,17440,RLUS1353,12,GLU-4
505,3.767,433.2455,712,RLUS1353,12,GLU-4
505,3.767,433.2926,6153,RLUS1353,12,GLU-4
505,3.767,434.2456,263,RLUS1353,12,GLU-4
505,3.767,434.2958,677,RLUS1353,12,GLU-4
505,3.767,435.1666,448,RLUS1353,12,GLU-4
505,3.767,435.2965,106,RLUS1353,12,GLU-4
505,3.767,436.1746,159,RLUS1353,12,GLU-4
505,3.767,436.9628,135,RLUS1353,12,GLU-4
505,3.767,437.1684,199,RLUS1353,12,GLU-4
505,3.767,443.1012,148,RLUS1353,12,GLU-4
505,3.767,445.0994,234,RLUS1353,12,GLU-4
505,3.767,448.2844,1400,RLUS1353,12,GLU-4
505,3.767,449.2902,596,RLUS1353,12,GLU-4
505,3.767,450.3009,127800,RLUS1353,12,GLU-4
505,3.767,451.3045,39026,RLUS1353,12,GLU-4
505,3.767,452.3066,6550,RLUS1353,12,GLU-4
505,3.767,453.3129,1015,RLUS1353,12,GLU-4
505,3.767,455.1552,112,RLUS1353,12,GLU-4
505,3.767,456.2787,387,RLUS1353,12,GLU-4
505,3.767,460.2019,121,RLUS1353,12,GLU-4
505,3.767,460.2419,143,RLUS1353,12,GLU-4
505,3.767,461.1046,175,RLUS1353,12,GLU-4
505,3.767,464.2729,371,RLUS1353,12,GLU-4
505,3.767,464.3176,944,RLUS1353,12,GLU-4
505,3.767,465.3194,361,RLUS1353,12,GLU-4
505,3.767,466.2938,1664,RLUS1353,12,GLU-4
505,3.767,467.2998,543,RLUS1353,12,GLU-4
505,3.767,468.3112,40928,RLUS1353,12,GLU-4
505,3.767,469.0892,113,RLUS1353,12,GLU-4
505,3.767,469.3144,13797,RLUS1353,12,GLU-4
506,3.774,432.2366,2223,RLUS1353,12,GLU-4
506,3.774,432.2898,8944,RLUS1353,12,GLU-4
506,3.774,433.2364,489,RLUS1353,12,GLU-4
506,3.774,433.2912,2773,RLUS1353,12,GLU-4
506,3.774,434.2513,186,RLUS1353,12,GLU-4
506,3.774,434.2944,550,RLUS1353,12,GLU-4
506,3.774,435.1672,333,RLUS1353,12,GLU-4
506,3.774,435.2916,158,RLUS1353,12,GLU-4
506,3.774,437.1654,190,RLUS1353,12,GLU-4
506,3.774,438.1644,123,RLUS1353,12,GLU-4
506,3.774,440.2884,161,RLUS1353,12,GLU-4
506,3.774,443.1076,111,RLUS1353,12,GLU-4
506,3.774,448.2868,639,RLUS1353,12,GLU-4
506,3.774,449.2943,179,RLUS1353,12,GLU-4
506,3.774,450.3009,64591,RLUS1353,12,GLU-4
506,3.774,450.4306,103,RLUS1353,12,GLU-4
506,3.774,451.3044,20029,RLUS1353,12,GLU-4
506,3.774,452.307,3996,RLUS1353,12,GLU-4
506,3.774,453.313,447,RLUS1353,12,GLU-4
506,3.774,459.5745,112,RLUS1353,12,GLU-4
506,3.774,460.228,180,RLUS1353,12,GLU-4
506,3.774,464.3118,1062,RLUS1353,12,GLU-4
506,3.774,465.3186,444,RLUS1353,12,GLU-4
506,3.774,466.3016,1118,RLUS1353,12,GLU-4
506,3.774,467.1099,100,RLUS1353,12,GLU-4
506,3.774,467.296,254,RLUS1353,12,GLU-4
506,3.774,468.3103,20408,RLUS1353,12,GLU-4
506,3.774,469.1024,156,RLUS1353,12,GLU-4
506,3.774,469.3148,7309,RLUS1353,12,GLU-4
507,3.781,432.2407,3019,RLUS1353,12,GLU-4
507,3.781,432.2891,4584,RLUS1353,12,GLU-4
507,3.781,433.2427,839,RLUS1353,12,GLU-4
507,3.781,433.2884,1489,RLUS1353,12,GLU-4
507,3.781,434.2402,161,RLUS1353,12,GLU-4
507,3.781,434.2932,380,RLUS1353,12,GLU-4
507,3.781,435.1824,207,RLUS1353,12,GLU-4
507,3.781,436.1672,116,RLUS1353,12,GLU-4
507,3.781,437.1675,231,RLUS1353,12,GLU-4
507,3.781,437.2334,127,RLUS1353,12,GLU-4
507,3.781,441.1224,152,RLUS1353,12,GLU-4
507,3.781,443.0956,159,RLUS1353,12,GLU-4
507,3.781,446.3202,103,RLUS1353,12,GLU-4
507,3.781,447.0806,100,RLUS1353,12,GLU-4
507,3.781,448.2837,554,RLUS1353,12,GLU-4
507,3.781,449.2918,197,RLUS1353,12,GLU-4
507,3.781,450.3006,37102,RLUS1353,12,GLU-4
507,3.781,450.5885,138,RLUS1353,12,GLU-4
507,3.781,451.3052,11250,RLUS1353,12,GLU-4
507,3.781,452.3054,1595,RLUS1353,12,GLU-4
507,3.781,453.3114,401,RLUS1353,12,GLU-4
507,3.781,464.3178,724,RLUS1353,12,GLU-4
507,3.781,465.3176,196,RLUS1353,12,GLU-4
507,3.781,466.2962,785,RLUS1353,12,GLU-4
507,3.781,467.2994,253,RLUS1353,12,GLU-4
507,3.781,468.31,11523,RLUS1353,12,GLU-4
507,3.781,469.105,118,RLUS1353,12,GLU-4
507,3.781,469.3152,3358,RLUS1353,12,GLU-4
508,3.788,432.2394,2302,RLUS1353,12,GLU-4
508,3.788,432.2894,1822,RLUS1353,12,GLU-4
508,3.788,433.24,641,RLUS1353,12,GLU-4
508,3.788,433.2888,848,RLUS1353,12,GLU-4
508,3.788,434.2947,171,RLUS1353,12,GLU-4
508,3.788,435.1231,126,RLUS1353,12,GLU-4
508,3.788,435.1722,238,RLUS1353,12,GLU-4
508,3.788,437.1674,169,RLUS1353,12,GLU-4
508,3.788,445.1363,141,RLUS1353,12,GLU-4
508,3.788,448.281,291,RLUS1353,12,GLU-4
508,3.788,450.2994,19347,RLUS1353,12,GLU-4
508,3.788,451.3032,6790,RLUS1353,12,GLU-4
508,3.788,452.3066,1088,RLUS1353,12,GLU-4
508,3.788,453.3079,245,RLUS1353,12,GLU-4
508,3.788,460.2384,138,RLUS1353,12,GLU-4
508,3.788,461.1808,117,RLUS1353,12,GLU-4
508,3.788,462.2266,115,RLUS1353,12,GLU-4
508,3.788,462.2792,100,RLUS1353,12,GLU-4
508,3.788,464.3124,441,RLUS1353,12,GLU-4
508,3.788,466.2909,647,RLUS1353,12,GLU-4
508,3.788,467.3022,302,RLUS1353,12,GLU-4
508,3.788,468.3118,6899,RLUS1353,12,GLU-4
508,3.788,469.3136,1787,RLUS1353,12,GLU-4
509,3.795,432.2368,1679,RLUS1353,12,GLU-4
509,3.795,432.2907,1956,RLUS1353,12,GLU-4
509,3.795,433.2455,412,RLUS1353,12,GLU-4
509,3.795,433.2875,446,RLUS1353,12,GLU-4
509,3.795,434.261,117,RLUS1353,12,GLU-4
509,3.795,434.2936,106,RLUS1353,12,GLU-4
509,3.795,435.1646,361,RLUS1353,12,GLU-4
509,3.795,437.1596,254,RLUS1353,12,GLU-4
509,3.795,448.2831,274,RLUS1353,12,GLU-4
509,3.795,449.2921,175,RLUS1353,12,GLU-4
509,3.795,450.301,17520,RLUS1353,12,GLU-4
509,3.795,451.3043,5465,RLUS1353,12,GLU-4
509,3.795,452.3094,854,RLUS1353,12,GLU-4
509,3.795,453.3051,128,RLUS1353,12,GLU-4
509,3.795,456.2656,168,RLUS1353,12,GLU-4
509,3.795,460.2367,350,RLUS1353,12,GLU-4
509,3.795,464.3192,270,RLUS1353,12,GLU-4
509,3.795,465.3119,103,RLUS1353,12,GLU-4
509,3.795,466.2914,895,RLUS1353,12,GLU-4
509,3.795,468.3122,6197,RLUS1353,12,GLU-4
509,3.795,469.3117,1873,RLUS1353,12,GLU-4
509,3.795,470.089,110,RLUS1353,12,GLU-4
510,3.803,432.24,1818,RLUS1353,12,GLU-4
510,3.803,432.2894,1725,RLUS1353,12,GLU-4
510,3.803,433.239,458,RLUS1353,12,GLU-4
510,3.803,433.2902,688,RLUS1353,12,GLU-4
510,3.803,434.2472,203,RLUS1353,12,GLU-4
510,3.803,434.2926,136,RLUS1353,12,GLU-4
510,3.803,435.1644,172,RLUS1353,12,GLU-4
510,3.803,436.1624,100,RLUS1353,12,GLU-4
510,3.803,436.245,218,RLUS1353,12,GLU-4
510,3.803,437.1664,122,RLUS1353,12,GLU-4
510,3.803,447.0912,114,RLUS1353,12,GLU-4
510,3.803,448.2711,468,RLUS1353,12,GLU-4
510,3.803,449.1388,102,RLUS1353,12,GLU-4
510,3.803,449.2836,113,RLUS1353,12,GLU-4
510,3.803,450.3003,16000,RLUS1353,12,GLU-4
510,3.803,451.303,4666,RLUS1353,12,GLU-4
510,3.803,452.305,907,RLUS1353,12,GLU-4
510,3.803,453.2553,111,RLUS1353,12,GLU-4
510,3.803,456.2842,131,RLUS1353,12,GLU-4
510,3.803,458.196,138,RLUS1353,12,GLU-4
510,3.803,460.2506,108,RLUS1353,12,GLU-4
510,3.803,463.2762,127,RLUS1353,12,GLU-4
510,3.803,464.308,260,RLUS1353,12,GLU-4
510,3.803,466.293,793,RLUS1353,12,GLU-4
510,3.803,467.3016,284,RLUS1353,12,GLU-4
510,3.803,468.3118,4827,RLUS1353,12,GLU-4
510,3.803,469.3162,2246,RLUS1353,12,GLU-4
511,3.81,432.2364,898,RLUS1353,12,GLU-4
511,3.81,432.2913,1421,RLUS1353,12,GLU-4
511,3.81,433.2426,511,RLUS1353,12,GLU-4
511,3.81,433.2921,539,RLUS1353,12,GLU-4
511,3.81,434.238,159,RLUS1353,12,GLU-4
511,3.81,434.2794,137,RLUS1353,12,GLU-4
511,3.81,435.1674,123,RLUS1353,12,GLU-4
511,3.81,437.1691,143,RLUS1353,12,GLU-4
511,3.81,446.217,149,RLUS1353,12,GLU-4
511,3.81,448.2862,203,RLUS1353,12,GLU-4
511,3.81,449.2859,234,RLUS1353,12,GLU-4
511,3.81,450.2993,13555,RLUS1353,12,GLU-4
511,3.81,451.3042,4537,RLUS1353,12,GLU-4
511,3.81,452.3025,756,RLUS1353,12,GLU-4
511,3.81,456.2713,316,RLUS1353,12,GLU-4
511,3.81,464.3083,167,RLUS1353,12,GLU-4
511,3.81,466.2934,712,RLUS1353,12,GLU-4
511,3.81,467.2951,313,RLUS1353,12,GLU-4
511,3.81,468.3115,4092,RLUS1353,12,GLU-4
511,3.81,469.3129,1295,RLUS1353,12,GLU-4
512,3.817,432.2404,1395,RLUS1353,12,GLU-4
512,3.817,432.2872,2031,RLUS1353,12,GLU-4
512,3.817,433.0596,137,RLUS1353,12,GLU-4
512,3.817,433.2374,353,RLUS1353,12,GLU-4
512,3.817,433.2964,581,RLUS1353,12,GLU-4
512,3.817,435.1646,200,RLUS1353,12,GLU-4
512,3.817,436.1666,183,RLUS1353,12,GLU-4
512,3.817,436.256,222,RLUS1353,12,GLU-4
512,3.817,443.089,141,RLUS1353,12,GLU-4
512,3.817,448.2828,607,RLUS1353,12,GLU-4
512,3.817,449.292,144,RLUS1353,12,GLU-4
512,3.817,450.3006,16191,RLUS1353,12,GLU-4
512,3.817,451.3037,4085,RLUS1353,12,GLU-4
512,3.817,452.3022,889,RLUS1353,12,GLU-4
512,3.817,453.2776,111,RLUS1353,12,GLU-4
512,3.817,453.3118,201,RLUS1353,12,GLU-4
512,3.817,456.2626,132,RLUS1353,12,GLU-4
512,3.817,457.2704,203,RLUS1353,12,GLU-4
512,3.817,460.2294,156,RLUS1353,12,GLU-4
512,3.817,461.2453,135,RLUS1353,12,GLU-4
512,3.817,464.2696,112,RLUS1353,12,GLU-4
512,3.817,464.3009,236,RLUS1353,12,GLU-4
512,3.817,465.3264,112,RLUS1353,12,GLU-4
512,3.817,466.2937,971,RLUS1353,12,GLU-4
512,3.817,467.2974,378,RLUS1353,12,GLU-4
512,3.817,468.3076,4056,RLUS1353,12,GLU-4
512,3.817,469.3133,1263,RLUS1353,12,GLU-4
23,3.699,453.7881,112,RLUS1353,15,GLU-1
496,3.704,434.7151,100,RLUS1353,15,GLU-1
496,3.704,435.1679,896,RLUS1353,15,GLU-1
496,3.704,436.1684,111,RLUS1353,15,GLU-1
496,3.704,436.851,119,RLUS1353,15,GLU-1
496,3.704,436.9574,121,RLUS1353,15,GLU-1
496,3.704,437.163,302,RLUS1353,15,GLU-1
496,3.704,440.3518,149,RLUS1353,15,GLU-1
496,3.704,448.2796,174,RLUS1353,15,GLU-1
496,3.704,451.295,132,RLUS1353,15,GLU-1
496,3.704,465.2758,168,RLUS1353,15,GLU-1
496,3.704,466.2938,440,RLUS1353,15,GLU-1
496,3.704,467.2911,387,RLUS1353,15,GLU-1
496,3.704,468.2942,168,RLUS1353,15,GLU-1
497,3.711,432.275,108,RLUS1353,15,GLU-1
497,3.711,433.2852,100,RLUS1353,15,GLU-1
497,3.711,435.1698,610,RLUS1353,15,GLU-1
497,3.711,436.172,124,RLUS1353,15,GLU-1
497,3.711,437.1616,244,RLUS1353,15,GLU-1
497,3.711,448.3026,127,RLUS1353,15,GLU-1
497,3.711,449.2848,226,RLUS1353,15,GLU-1
497,3.711,449.3849,102,RLUS1353,15,GLU-1
497,3.711,450.2979,233,RLUS1353,15,GLU-1
497,3.711,451.301,190,RLUS1353,15,GLU-1
497,3.711,464.2914,101,RLUS1353,15,GLU-1
497,3.711,466.2975,320,RLUS1353,15,GLU-1
497,3.711,467.2916,319,RLUS1353,15,GLU-1
498,3.719,432.234,157,RLUS1353,15,GLU-1
498,3.719,435.167,778,RLUS1353,15,GLU-1
498,3.719,436.1714,302,RLUS1353,15,GLU-1
498,3.719,437.1653,373,RLUS1353,15,GLU-1
498,3.719,438.1672,139,RLUS1353,15,GLU-1
498,3.719,448.1385,110,RLUS1353,15,GLU-1
498,3.719,448.2789,221,RLUS1353,15,GLU-1
498,3.719,450.2952,177,RLUS1353,15,GLU-1
498,3.719,451.301,236,RLUS1353,15,GLU-1
498,3.719,456.2584,119,RLUS1353,15,GLU-1
498,3.719,466.298,226,RLUS1353,15,GLU-1
498,3.719,467.2944,343,RLUS1353,15,GLU-1
498,3.719,468.3029,325,RLUS1353,15,GLU-1
498,3.719,470.1228,189,RLUS1353,15,GLU-1
499,3.726,431.2734,165,RLUS1353,15,GLU-1
499,3.726,432.2381,118,RLUS1353,15,GLU-1
499,3.726,433.2934,171,RLUS1353,15,GLU-1
499,3.726,435.1672,686,RLUS1353,15,GLU-1
499,3.726,436.1774,201,RLUS1353,15,GLU-1
499,3.726,437.1714,200,RLUS1353,15,GLU-1
499,3.726,450.297,375,RLUS1353,15,GLU-1
499,3.726,451.298,502,RLUS1353,15,GLU-1
499,3.726,452.2998,110,RLUS1353,15,GLU-1
499,3.726,465.2778,182,RLUS1353,15,GLU-1
499,3.726,466.2994,147,RLUS1353,15,GLU-1
499,3.726,467.2957,438,RLUS1353,15,GLU-1
499,3.726,467.9278,107,RLUS1353,15,GLU-1
499,3.726,468.3082,273,RLUS1353,15,GLU-1
499,3.726,469.312,189,RLUS1353,15,GLU-1
500,3.733,432.2364,280,RLUS1353,15,GLU-1
500,3.733,433.2856,486,RLUS1353,15,GLU-1
500,3.733,434.2776,111,RLUS1353,15,GLU-1
500,3.733,435.1685,889,RLUS1353,15,GLU-1
500,3.733,436.1688,161,RLUS1353,15,GLU-1
500,3.733,437.1654,488,RLUS1353,15,GLU-1
500,3.733,449.2885,108,RLUS1353,15,GLU-1
500,3.733,450.3002,2516,RLUS1353,15,GLU-1
500,3.733,451.3016,3608,RLUS1353,15,GLU-1
500,3.733,452.205,182,RLUS1353,15,GLU-1
500,3.733,452.3043,888,RLUS1353,15,GLU-1
500,3.733,453.3042,125,RLUS1353,15,GLU-1
500,3.733,456.2714,169,RLUS1353,15,GLU-1
500,3.733,457.2802,213,RLUS1353,15,GLU-1
500,3.733,460.2382,132,RLUS1353,15,GLU-1
500,3.733,461.2344,106,RLUS1353,15,GLU-1
500,3.733,466.293,375,RLUS1353,15,GLU-1
500,3.733,467.2941,158,RLUS1353,15,GLU-1
500,3.733,468.3132,1056,RLUS1353,15,GLU-1
500,3.733,469.3124,1217,RLUS1353,15,GLU-1
501,3.74,432.2394,261,RLUS1353,15,GLU-1
501,3.74,432.2878,1194,RLUS1353,15,GLU-1
501,3.74,433.2901,1529,RLUS1353,15,GLU-1
501,3.74,434.2918,280,RLUS1353,15,GLU-1
501,3.74,435.1701,609,RLUS1353,15,GLU-1
501,3.74,436.1719,131,RLUS1353,15,GLU-1
501,3.74,437.165,407,RLUS1353,15,GLU-1
501,3.74,439.3576,105,RLUS1353,15,GLU-1
501,3.74,448.2888,220,RLUS1353,15,GLU-1
501,3.74,449.2732,214,RLUS1353,15,GLU-1
501,3.74,450.3008,11773,RLUS1353,15,GLU-1
501,3.74,451.3,14519,RLUS1353,15,GLU-1
501,3.74,452.303,3890,RLUS1353,15,GLU-1
501,3.74,453.3036,696,RLUS1353,15,GLU-1
501,3.74,456.277,161,RLUS1353,15,GLU-1
501,3.74,457.2766,286,RLUS1353,15,GLU-1
501,3.74,460.2331,153,RLUS1353,15,GLU-1
501,3.74,466.2936,333,RLUS1353,15,GLU-1
501,3.74,467.2947,387,RLUS1353,15,GLU-1
501,3.74,468.3123,4210,RLUS1353,15,GLU-1
501,3.74,469.3117,5402,RLUS1353,15,GLU-1
502,3.747,432.2368,560,RLUS1353,15,GLU-1
502,3.747,432.2917,2820,RLUS1353,15,GLU-1
502,3.747,433.2425,185,RLUS1353,15,GLU-1
502,3.747,433.2903,3653,RLUS1353,15,GLU-1
502,3.747,434.2924,930,RLUS1353,15,GLU-1
502,3.747,435.1688,998,RLUS1353,15,GLU-1
502,3.747,436.1754,120,RLUS1353,15,GLU-1
502,3.747,437.1678,470,RLUS1353,15,GLU-1
502,3.747,438.1708,111,RLUS1353,15,GLU-1
502,3.747,448.2898,299,RLUS1353,15,GLU-1
502,3.747,449.2812,349,RLUS1353,15,GLU-1
502,3.747,450.0241,117,RLUS1353,15,GLU-1
502,3.747,450.3013,25589,RLUS1353,15,GLU-1
502,3.747,451.3004,34207,RLUS1353,15,GLU-1
502,3.747,452.3019,10188,RLUS1353,15,GLU-1
502,3.747,453.1738,133,RLUS1353,15,GLU-1
502,3.747,453.3055,1685,RLUS1353,15,GLU-1
502,3.747,454.3098,170,RLUS1353,15,GLU-1
502,3.747,456.2724,161,RLUS1353,15,GLU-1
502,3.747,466.295,360,RLUS1353,15,GLU-1
502,3.747,467.295,1008,RLUS1353,15,GLU-1
502,3.747,468.3115,8339,RLUS1353,15,GLU-1
502,3.747,469.3102,12700,RLUS1353,15,GLU-1
503,3.755,431.2783,111,RLUS1353,15,GLU-1
503,3.755,432.2358,205,RLUS1353,15,GLU-1
503,3.755,432.2915,3938,RLUS1353,15,GLU-1
503,3.755,433.2868,5295,RLUS1353,15,GLU-1
503,3.755,434.2896,1826,RLUS1353,15,GLU-1
503,3.755,435.169,990,RLUS1353,15,GLU-1
503,3.755,435.2938,265,RLUS1353,15,GLU-1
503,3.755,436.1686,222,RLUS1353,15,GLU-1
503,3.755,437.1696,744,RLUS1353,15,GLU-1
503,3.755,448.2854,421,RLUS1353,15,GLU-1
503,3.755,449.2844,537,RLUS1353,15,GLU-1
503,3.755,450.3016,33374,RLUS1353,15,GLU-1
503,3.755,451.3004,43993,RLUS1353,15,GLU-1
503,3.755,451.478,110,RLUS1353,15,GLU-1
503,3.755,452.3023,14090,RLUS1353,15,GLU-1
503,3.755,453.1697,157,RLUS1353,15,GLU-1
503,3.755,453.3042,2227,RLUS1353,15,GLU-1
503,3.755,454.301,342,RLUS1353,15,GLU-1
503,3.755,457.2723,154,RLUS1353,15,GLU-1
503,3.755,464.2856,145,RLUS1353,15,GLU-1
503,3.755,465.9286,154,RLUS1353,15,GLU-1
503,3.755,466.2943,772,RLUS1353,15,GLU-1
503,3.755,467.3009,945,RLUS1353,15,GLU-1
503,3.755,468.312,11335,RLUS1353,15,GLU-1
503,3.755,469.3114,15189,RLUS1353,15,GLU-1
504,3.762,432.291,3645,RLUS1353,15,GLU-1
504,3.762,433.2878,3400,RLUS1353,15,GLU-1
504,3.762,434.2908,1688,RLUS1353,15,GLU-1
504,3.762,435.166,718,RLUS1353,15,GLU-1
504,3.762,435.2886,132,RLUS1353,15,GLU-1
504,3.762,437.1616,459,RLUS1353,15,GLU-1
504,3.762,448.2844,313,RLUS1353,15,GLU-1
504,3.762,449.285,428,RLUS1353,15,GLU-1
504,3.762,450.3,27902,RLUS1353,15,GLU-1
504,3.762,451.3002,35205,RLUS1353,15,GLU-1
504,3.762,452.303,10601,RLUS1353,15,GLU-1
504,3.762,453.3059,1844,RLUS1353,15,GLU-1
504,3.762,454.3141,269,RLUS1353,15,GLU-1
504,3.762,456.266,112,RLUS1353,15,GLU-1
504,3.762,464.2745,142,RLUS1353,15,GLU-1
504,3.762,465.2782,109,RLUS1353,15,GLU-1
504,3.762,466.2954,606,RLUS1353,15,GLU-1
504,3.762,467.2961,1154,RLUS1353,15,GLU-1
504,3.762,468.311,10353,RLUS1353,15,GLU-1
504,3.762,469.1497,156,RLUS1353,15,GLU-1
504,3.762,469.3108,11579,RLUS1353,15,GLU-1
504,3.762,470.1178,132,RLUS1353,15,GLU-1
505,3.769,431.2674,127,RLUS1353,15,GLU-1
505,3.769,432.2902,1236,RLUS1353,15,GLU-1
505,3.769,433.2896,2323,RLUS1353,15,GLU-1
505,3.769,434.2903,876,RLUS1353,15,GLU-1
505,3.769,435.1703,923,RLUS1353,15,GLU-1
505,3.769,437.1693,473,RLUS1353,15,GLU-1
505,3.769,438.1547,110,RLUS1353,15,GLU-1
505,3.769,449.2818,345,RLUS1353,15,GLU-1
505,3.769,450.3001,14370,RLUS1353,15,GLU-1
505,3.769,451.3006,19299,RLUS1353,15,GLU-1
505,3.769,452.3029,5628,RLUS1353,15,GLU-1
505,3.769,453.3034,971,RLUS1353,15,GLU-1
505,3.769,454.3114,188,RLUS1353,15,GLU-1
505,3.769,460.9915,120,RLUS1353,15,GLU-1
505,3.769,465.2752,115,RLUS1353,15,GLU-1
505,3.769,466.2946,378,RLUS1353,15,GLU-1
505,3.769,467.2956,913,RLUS1353,15,GLU-1
505,3.769,468.3119,6313,RLUS1353,15,GLU-1
505,3.769,469.3092,7337,RLUS1353,15,GLU-1
506,3.776,432.2926,585,RLUS1353,15,GLU-1
506,3.776,433.2906,1285,RLUS1353,15,GLU-1
506,3.776,434.2948,289,RLUS1353,15,GLU-1
506,3.776,435.1676,577,RLUS1353,15,GLU-1
506,3.776,437.1652,407,RLUS1353,15,GLU-1
506,3.776,440.1066,133,RLUS1353,15,GLU-1
506,3.776,448.2863,200,RLUS1353,15,GLU-1
506,3.776,449.291,327,RLUS1353,15,GLU-1
506,3.776,450.3024,7950,RLUS1353,15,GLU-1
506,3.776,451.2994,10197,RLUS1353,15,GLU-1
506,3.776,452.3018,2834,RLUS1353,15,GLU-1
506,3.776,453.3072,424,RLUS1353,15,GLU-1
506,3.776,456.27,101,RLUS1353,15,GLU-1
506,3.776,464.2872,224,RLUS1353,15,GLU-1
506,3.776,466.295,481,RLUS1353,15,GLU-1
506,3.776,467.2982,346,RLUS1353,15,GLU-1
506,3.776,468.3113,2853,RLUS1353,15,GLU-1
506,3.776,469.3114,3031,RLUS1353,15,GLU-1
507,3.783,432.294,314,RLUS1353,15,GLU-1
507,3.783,433.2867,362,RLUS1353,15,GLU-1
507,3.783,434.2878,239,RLUS1353,15,GLU-1
507,3.783,435.1734,585,RLUS1353,15,GLU-1
507,3.783,436.1719,159,RLUS1353,15,GLU-1
507,3.783,437.1646,631,RLUS1353,15,GLU-1
507,3.783,450.3006,3901,RLUS1353,15,GLU-1
507,3.783,451.2991,5397,RLUS1353,15,GLU-1
507,3.783,452.3064,1364,RLUS1353,15,GLU-1
507,3.783,453.3086,345,RLUS1353,15,GLU-1
507,3.783,464.2682,124,RLUS1353,15,GLU-1
507,3.783,466.2985,347,RLUS1353,15,GLU-1
507,3.783,467.2924,488,RLUS1353,15,GLU-1
507,3.783,468.3124,1533,RLUS1353,15,GLU-1
507,3.783,469.3086,1560,RLUS1353,15,GLU-1
508,3.79,432.2906,466,RLUS1353,15,GLU-1
508,3.79,433.2948,415,RLUS1353,15,GLU-1
508,3.79,434.2878,310,RLUS1353,15,GLU-1
508,3.79,435.165,746,RLUS1353,15,GLU-1
508,3.79,436.1556,156,RLUS1353,15,GLU-1
508,3.79,437.1664,545,RLUS1353,15,GLU-1
508,3.79,450.2996,3120,RLUS1353,15,GLU-1
508,3.79,451.2984,4561,RLUS1353,15,GLU-1
508,3.79,452.3026,1257,RLUS1353,15,GLU-1
508,3.79,453.3014,251,RLUS1353,15,GLU-1
508,3.79,465.2888,233,RLUS1353,15,GLU-1
508,3.79,466.2954,376,RLUS1353,15,GLU-1
508,3.79,467.2934,331,RLUS1353,15,GLU-1
508,3.79,468.309,1182,RLUS1353,15,GLU-1
508,3.79,469.311,1568,RLUS1353,15,GLU-1
509,3.797,432.293,218,RLUS1353,15,GLU-1
509,3.797,433.291,468,RLUS1353,15,GLU-1
509,3.797,435.1688,809,RLUS1353,15,GLU-1
509,3.797,436.1606,115,RLUS1353,15,GLU-1
509,3.797,437.1668,439,RLUS1353,15,GLU-1
509,3.797,438.1626,134,RLUS1353,15,GLU-1
509,3.797,443.1081,111,RLUS1353,15,GLU-1
509,3.797,448.3034,161,RLUS1353,15,GLU-1
509,3.797,449.2872,214,RLUS1353,15,GLU-1
509,3.797,450.3001,3281,RLUS1353,15,GLU-1
509,3.797,451.2993,4185,RLUS1353,15,GLU-1
509,3.797,452.2995,943,RLUS1353,15,GLU-1
509,3.797,453.3046,249,RLUS1353,15,GLU-1
509,3.797,455.1541,154,RLUS1353,15,GLU-1
509,3.797,462.8243,111,RLUS1353,15,GLU-1
509,3.797,465.2832,115,RLUS1353,15,GLU-1
509,3.797,466.2946,761,RLUS1353,15,GLU-1
509,3.797,467.2941,531,RLUS1353,15,GLU-1
509,3.797,468.3094,1222,RLUS1353,15,GLU-1
509,3.797,469.3094,1313,RLUS1353,15,GLU-1
510,3.805,432.2952,342,RLUS1353,15,GLU-1
510,3.805,433.2884,478,RLUS1353,15,GLU-1
510,3.805,435.169,717,RLUS1353,15,GLU-1
510,3.805,435.2309,179,RLUS1353,15,GLU-1
510,3.805,436.1658,158,RLUS1353,15,GLU-1
510,3.805,436.9595,105,RLUS1353,15,GLU-1
510,3.805,437.168,487,RLUS1353,15,GLU-1
510,3.805,438.1732,154,RLUS1353,15,GLU-1
510,3.805,450.3012,2901,RLUS1353,15,GLU-1
510,3.805,451.3006,2892,RLUS1353,15,GLU-1
510,3.805,452.3,845,RLUS1353,15,GLU-1
510,3.805,453.308,219,RLUS1353,15,GLU-1
510,3.805,466.296,720,RLUS1353,15,GLU-1
510,3.805,467.2917,695,RLUS1353,15,GLU-1
510,3.805,468.3154,1164,RLUS1353,15,GLU-1
510,3.805,469.308,1689,RLUS1353,15,GLU-1
511,3.812,432.2874,190,RLUS1353,15,GLU-1
511,3.812,433.2812,340,RLUS1353,15,GLU-1
511,3.812,435.167,722,RLUS1353,15,GLU-1
511,3.812,435.2756,126,RLUS1353,15,GLU-1
511,3.812,436.1742,172,RLUS1353,15,GLU-1
511,3.812,437.1632,393,RLUS1353,15,GLU-1
511,3.812,438.166,111,RLUS1353,15,GLU-1
511,3.812,450.3014,1739,RLUS1353,15,GLU-1
511,3.812,451.301,2744,RLUS1353,15,GLU-1
511,3.812,452.3034,828,RLUS1353,15,GLU-1
511,3.812,453.2994,217,RLUS1353,15,GLU-1
511,3.812,457.2678,118,RLUS1353,15,GLU-1
511,3.812,461.1103,101,RLUS1353,15,GLU-1
511,3.812,463.7384,103,RLUS1353,15,GLU-1
511,3.812,466.2944,540,RLUS1353,15,GLU-1
511,3.812,467.2938,690,RLUS1353,15,GLU-1
511,3.812,468.3083,914,RLUS1353,15,GLU-1
511,3.812,469.3128,884,RLUS1353,15,GLU-1
23,3.699,451.7828,160,RLUS1353,15,GLU-2
23,3.699,453.7783,326,RLUS1353,15,GLU-2
496,3.704,435.1678,568,RLUS1353,15,GLU-2
496,3.704,436.1672,276,RLUS1353,15,GLU-2
496,3.704,436.5506,106,RLUS1353,15,GLU-2
496,3.704,437.0814,109,RLUS1353,15,GLU-2
496,3.704,437.1662,193,RLUS1353,15,GLU-2
496,3.704,438.1712,109,RLUS1353,15,GLU-2
496,3.704,439.1851,105,RLUS1353,15,GLU-2
496,3.704,448.2845,197,RLUS1353,15,GLU-2
496,3.704,449.2894,101,RLUS1353,15,GLU-2
496,3.704,449.3822,194,RLUS1353,15,GLU-2
496,3.704,450.3086,144,RLUS1353,15,GLU-2
496,3.704,451.1142,125,RLUS1353,15,GLU-2
496,3.704,451.2936,118,RLUS1353,15,GLU-2
496,3.704,465.2781,165,RLUS1353,15,GLU-2
496,3.704,466.301,288,RLUS1353,15,GLU-2
496,3.704,467.2985,272,RLUS1353,15,GLU-2
496,3.704,468.2975,229,RLUS1353,15,GLU-2
497,3.711,430.9902,114,RLUS1353,15,GLU-2
497,3.711,435.1664,944,RLUS1353,15,GLU-2
497,3.711,436.1631,155,RLUS1353,15,GLU-2
497,3.711,437.1676,676,RLUS1353,15,GLU-2
497,3.711,449.2846,162,RLUS1353,15,GLU-2
497,3.711,449.3908,139,RLUS1353,15,GLU-2
497,3.711,450.2924,107,RLUS1353,15,GLU-2
497,3.711,459.3029,104,RLUS1353,15,GLU-2
497,3.711,465.2776,101,RLUS1353,15,GLU-2
497,3.711,466.2925,161,RLUS1353,15,GLU-2
497,3.711,467.2946,464,RLUS1353,15,GLU-2
498,3.719,431.2745,148,RLUS1353,15,GLU-2
498,3.719,432.2395,167,RLUS1353,15,GLU-2
498,3.719,435.1688,621,RLUS1353,15,GLU-2
498,3.719,436.1682,189,RLUS1353,15,GLU-2
498,3.719,437.171,299,RLUS1353,15,GLU-2
498,3.719,438.161,129,RLUS1353,15,GLU-2
498,3.719,443.2916,102,RLUS1353,15,GLU-2
498,3.719,448.2798,117,RLUS1353,15,GLU-2
498,3.719,450.3011,110,RLUS1353,15,GLU-2
498,3.719,451.302,204,RLUS1353,15,GLU-2
498,3.719,457.187,129,RLUS1353,15,GLU-2
498,3.719,464.277,116,RLUS1353,15,GLU-2
498,3.719,467.2981,251,RLUS1353,15,GLU-2
498,3.719,468.2885,102,RLUS1353,15,GLU-2
498,3.719,470.1382,139,RLUS1353,15,GLU-2
499,3.726,432.2379,239,RLUS1353,15,GLU-2
499,3.726,435.1676,651,RLUS1353,15,GLU-2
499,3.726,437.1678,280,RLUS1353,15,GLU-2
499,3.726,448.284,108,RLUS1353,15,GLU-2
499,3.726,450.294,244,RLUS1353,15,GLU-2
499,3.726,451.2978,435,RLUS1353,15,GLU-2
499,3.726,452.3023,107,RLUS1353,15,GLU-2
499,3.726,465.2771,100,RLUS1353,15,GLU-2
499,3.726,466.2992,146,RLUS1353,15,GLU-2
499,3.726,467.2994,242,RLUS1353,15,GLU-2
500,3.733,432.2388,525,RLUS1353,15,GLU-2
500,3.733,433.2484,113,RLUS1353,15,GLU-2
500,3.733,433.286,267,RLUS1353,15,GLU-2
500,3.733,435.1662,588,RLUS1353,15,GLU-2
500,3.733,436.1845,190,RLUS1353,15,GLU-2
500,3.733,436.9508,113,RLUS1353,15,GLU-2
500,3.733,437.1678,474,RLUS1353,15,GLU-2
500,3.733,449.2817,188,RLUS1353,15,GLU-2
500,3.733,450.2989,1441,RLUS1353,15,GLU-2
500,3.733,451.2981,1769,RLUS1353,15,GLU-2
500,3.733,452.3048,634,RLUS1353,15,GLU-2
500,3.733,460.232,222,RLUS1353,15,GLU-2
500,3.733,466.2959,104,RLUS1353,15,GLU-2
500,3.733,467.1254,131,RLUS1353,15,GLU-2
500,3.733,467.2916,173,RLUS1353,15,GLU-2
500,3.733,468.3112,596,RLUS1353,15,GLU-2
500,3.733,469.31,752,RLUS1353,15,GLU-2
501,3.74,432.2355,641,RLUS1353,15,GLU-2
501,3.74,432.2922,511,RLUS1353,15,GLU-2
501,3.74,433.2394,107,RLUS1353,15,GLU-2
501,3.74,433.2863,516,RLUS1353,15,GLU-2
501,3.74,434.277,215,RLUS1353,15,GLU-2
501,3.74,435.1621,581,RLUS1353,15,GLU-2
501,3.74,435.2422,122,RLUS1353,15,GLU-2
501,3.74,436.1675,282,RLUS1353,15,GLU-2
501,3.74,437.1639,353,RLUS1353,15,GLU-2
501,3.74,449.2836,133,RLUS1353,15,GLU-2
501,3.74,450.3013,4832,RLUS1353,15,GLU-2
501,3.74,451.2982,8085,RLUS1353,15,GLU-2
501,3.74,452.3027,2749,RLUS1353,15,GLU-2
501,3.74,453.3024,349,RLUS1353,15,GLU-2
501,3.74,456.2675,157,RLUS1353,15,GLU-2
501,3.74,457.2679,226,RLUS1353,15,GLU-2
501,3.74,460.236,188,RLUS1353,15,GLU-2
501,3.74,461.1123,102,RLUS1353,15,GLU-2
501,3.74,466.2892,320,RLUS1353,15,GLU-2
501,3.74,467.297,325,RLUS1353,15,GLU-2
501,3.74,468.3096,2091,RLUS1353,15,GLU-2
501,3.74,469.3102,3254,RLUS1353,15,GLU-2
502,3.747,432.2322,426,RLUS1353,15,GLU-2
502,3.747,432.2895,1210,RLUS1353,15,GLU-2
502,3.747,433.2871,2117,RLUS1353,15,GLU-2
502,3.747,434.29,549,RLUS1353,15,GLU-2
502,3.747,435.1668,774,RLUS1353,15,GLU-2
502,3.747,436.173,167,RLUS1353,15,GLU-2
502,3.747,437.1642,171,RLUS1353,15,GLU-2
502,3.747,448.22,108,RLUS1353,15,GLU-2
502,3.747,448.2814,188,RLUS1353,15,GLU-2
502,3.747,449.2932,156,RLUS1353,15,GLU-2
502,3.747,450.3006,14750,RLUS1353,15,GLU-2
502,3.747,451.2986,19063,RLUS1353,15,GLU-2
502,3.747,452.3012,5767,RLUS1353,15,GLU-2
502,3.747,453.303,973,RLUS1353,15,GLU-2
502,3.747,454.3476,112,RLUS1353,15,GLU-2
502,3.747,466.2864,233,RLUS1353,15,GLU-2
502,3.747,467.2922,599,RLUS1353,15,GLU-2
502,3.747,468.3103,5156,RLUS1353,15,GLU-2
502,3.747,469.0912,104,RLUS1353,15,GLU-2
502,3.747,469.3101,6380,RLUS1353,15,GLU-2
503,3.754,432.2366,178,RLUS1353,15,GLU-2
503,3.754,432.2889,2067,RLUS1353,15,GLU-2
503,3.754,433.2867,2525,RLUS1353,15,GLU-2
503,3.754,434.2878,528,RLUS1353,15,GLU-2
503,3.754,435.1689,921,RLUS1353,15,GLU-2
503,3.754,437.168,303,RLUS1353,15,GLU-2
503,3.754,438.1696,123,RLUS1353,15,GLU-2
503,3.754,448.3034,123,RLUS1353,15,GLU-2
503,3.754,449.2809,344,RLUS1353,15,GLU-2
503,3.754,450.3002,18144,RLUS1353,15,GLU-2
503,3.754,451.2993,25360,RLUS1353,15,GLU-2
503,3.754,452.3032,5997,RLUS1353,15,GLU-2
503,3.754,453.168,158,RLUS1353,15,GLU-2
503,3.754,453.3041,1547,RLUS1353,15,GLU-2
503,3.754,454.3039,178,RLUS1353,15,GLU-2
503,3.754,464.2814,156,RLUS1353,15,GLU-2
503,3.754,466.2954,493,RLUS1353,15,GLU-2
503,3.754,467.2889,350,RLUS1353,15,GLU-2
503,3.754,468.3105,6498,RLUS1353,15,GLU-2
503,3.754,469.3098,7693,RLUS1353,15,GLU-2
504,3.761,432.2388,139,RLUS1353,15,GLU-2
504,3.761,432.289,1946,RLUS1353,15,GLU-2
504,3.761,433.2885,2422,RLUS1353,15,GLU-2
504,3.761,434.2819,523,RLUS1353,15,GLU-2
504,3.761,435.1688,847,RLUS1353,15,GLU-2
504,3.761,436.1667,146,RLUS1353,15,GLU-2
504,3.761,437.1636,272,RLUS1353,15,GLU-2
504,3.761,448.2824,227,RLUS1353,15,GLU-2
504,3.761,448.9925,102,RLUS1353,15,GLU-2
504,3.761,449.285,202,RLUS1353,15,GLU-2
504,3.761,450.3007,17373,RLUS1353,15,GLU-2
504,3.761,451.2994,21494,RLUS1353,15,GLU-2
504,3.761,451.4071,139,RLUS1353,15,GLU-2
504,3.761,452.3019,5932,RLUS1353,15,GLU-2
504,3.761,453.3082,982,RLUS1353,15,GLU-2
504,3.761,454.3011,216,RLUS1353,15,GLU-2
504,3.761,458.9972,107,RLUS1353,15,GLU-2
504,3.761,464.2769,128,RLUS1353,15,GLU-2
504,3.761,465.284,135,RLUS1353,15,GLU-2
504,3.761,466.2938,420,RLUS1353,15,GLU-2
504,3.761,467.2918,780,RLUS1353,15,GLU-2
504,3.761,468.3096,5772,RLUS1353,15,GLU-2
504,3.761,469.3108,6482,RLUS1353,15,GLU-2
505,3.769,432.2876,866,RLUS1353,15,GLU-2
505,3.769,433.2886,1366,RLUS1353,15,GLU-2
505,3.769,434.2882,292,RLUS1353,15,GLU-2
505,3.769,435.1678,800,RLUS1353,15,GLU-2
505,3.769,436.1762,188,RLUS1353,15,GLU-2
505,3.769,437.1648,291,RLUS1353,15,GLU-2
505,3.769,450.3014,8621,RLUS1353,15,GLU-2
505,3.769,451.3005,11427,RLUS1353,15,GLU-2
505,3.769,452.3018,2866,RLUS1353,15,GLU-2
505,3.769,453.3031,549,RLUS1353,15,GLU-2
505,3.769,464.2966,172,RLUS1353,15,GLU-2
505,3.769,465.275,153,RLUS1353,15,GLU-2
505,3.769,466.2888,286,RLUS1353,15,GLU-2
505,3.769,467.2944,182,RLUS1353,15,GLU-2
505,3.769,468.3128,2949,RLUS1353,15,GLU-2
505,3.769,469.3092,3845,RLUS1353,15,GLU-2
506,3.776,430.6048,108,RLUS1353,15,GLU-2
506,3.776,432.2918,484,RLUS1353,15,GLU-2
506,3.776,433.2922,366,RLUS1353,15,GLU-2
506,3.776,434.2894,238,RLUS1353,15,GLU-2
506,3.776,435.1634,707,RLUS1353,15,GLU-2
506,3.776,437.1652,401,RLUS1353,15,GLU-2
506,3.776,444.1009,114,RLUS1353,15,GLU-2
506,3.776,450.2995,4032,RLUS1353,15,GLU-2
506,3.776,451.2991,5218,RLUS1353,15,GLU-2
506,3.776,452.3042,1893,RLUS1353,15,GLU-2
506,3.776,453.3002,197,RLUS1353,15,GLU-2
506,3.776,464.2708,127,RLUS1353,15,GLU-2
506,3.776,465.3156,152,RLUS1353,15,GLU-2
506,3.776,466.2991,191,RLUS1353,15,GLU-2
506,3.776,467.301,328,RLUS1353,15,GLU-2
506,3.776,468.3114,1742,RLUS1353,15,GLU-2
506,3.776,469.311,2178,RLUS1353,15,GLU-2
507,3.783,433.2938,269,RLUS1353,15,GLU-2
507,3.783,435.1686,261,RLUS1353,15,GLU-2
507,3.783,436.1708,244,RLUS1353,15,GLU-2
507,3.783,437.1644,252,RLUS1353,15,GLU-2
507,3.783,449.0098,100,RLUS1353,15,GLU-2
507,3.783,450.3012,1926,RLUS1353,15,GLU-2
507,3.783,451.298,3389,RLUS1353,15,GLU-2
507,3.783,452.2992,889,RLUS1353,15,GLU-2
507,3.783,453.2992,108,RLUS1353,15,GLU-2
507,3.783,463.8192,106,RLUS1353,15,GLU-2
507,3.783,466.2949,373,RLUS1353,15,GLU-2
507,3.783,467.2946,345,RLUS1353,15,GLU-2
507,3.783,468.3065,836,RLUS1353,15,GLU-2
507,3.783,469.3094,1121,RLUS1353,15,GLU-2
508,3.79,432.2402,159,RLUS1353,15,GLU-2
508,3.79,432.284,192,RLUS1353,15,GLU-2
508,3.79,433.2854,316,RLUS1353,15,GLU-2
508,3.79,434.2956,118,RLUS1353,15,GLU-2
508,3.79,435.1654,472,RLUS1353,15,GLU-2
508,3.79,436.1726,102,RLUS1353,15,GLU-2
508,3.79,437.1634,223,RLUS1353,15,GLU-2
508,3.79,442.2047,117,RLUS1353,15,GLU-2
508,3.79,449.2811,253,RLUS1353,15,GLU-2
508,3.79,450.3006,1586,RLUS1353,15,GLU-2
508,3.79,451.2975,2032,RLUS1353,15,GLU-2
508,3.79,452.3034,900,RLUS1353,15,GLU-2
508,3.79,453.3018,176,RLUS1353,15,GLU-2
508,3.79,465.2756,114,RLUS1353,15,GLU-2
508,3.79,466.295,944,RLUS1353,15,GLU-2
508,3.79,467.0992,102,RLUS1353,15,GLU-2
508,3.79,467.2952,1193,RLUS1353,15,GLU-2
508,3.79,468.3074,782,RLUS1353,15,GLU-2
508,3.79,469.307,1285,RLUS1353,15,GLU-2
509,3.797,432.2934,101,RLUS1353,15,GLU-2
509,3.797,433.2856,131,RLUS1353,15,GLU-2
509,3.797,434.297,105,RLUS1353,15,GLU-2
509,3.797,435.1676,690,RLUS1353,15,GLU-2
509,3.797,435.2216,102,RLUS1353,15,GLU-2
509,3.797,437.1648,182,RLUS1353,15,GLU-2
509,3.797,438.1724,124,RLUS1353,15,GLU-2
509,3.797,450.3019,2092,RLUS1353,15,GLU-2
509,3.797,451.2998,1869,RLUS1353,15,GLU-2
509,3.797,452.3049,655,RLUS1353,15,GLU-2
509,3.797,453.3025,158,RLUS1353,15,GLU-2
509,3.797,462.2021,113,RLUS1353,15,GLU-2
509,3.797,464.278,142,RLUS1353,15,GLU-2
509,3.797,465.2849,213,RLUS1353,15,GLU-2
509,3.797,466.295,878,RLUS1353,15,GLU-2
509,3.797,467.2929,1704,RLUS1353,15,GLU-2
509,3.797,468.3064,836,RLUS1353,15,GLU-2
509,3.797,469.3062,1078,RLUS1353,15,GLU-2
509,3.797,470.1287,101,RLUS1353,15,GLU-2
510,3.804,433.2804,236,RLUS1353,15,GLU-2
510,3.804,434.2828,102,RLUS1353,15,GLU-2
510,3.804,435.1698,410,RLUS1353,15,GLU-2
510,3.804,436.1697,155,RLUS1353,15,GLU-2
510,3.804,437.1649,416,RLUS1353,15,GLU-2
510,3.804,449.2848,172,RLUS1353,15,GLU-2
510,3.804,450.3012,1592,RLUS1353,15,GLU-2
510,3.804,451.2983,2479,RLUS1353,15,GLU-2
510,3.804,452.3088,690,RLUS1353,15,GLU-2
510,3.804,453.2998,110,RLUS1353,15,GLU-2
510,3.804,465.2638,110,RLUS1353,15,GLU-2
510,3.804,466.2934,1362,RLUS1353,15,GLU-2
510,3.804,467.2918,1192,RLUS1353,15,GLU-2
510,3.804,468.3034,1035,RLUS1353,15,GLU-2
510,3.804,469.0968,110,RLUS1353,15,GLU-2
510,3.804,469.3061,508,RLUS1353,15,GLU-2
511,3.811,433.2938,211,RLUS1353,15,GLU-2
511,3.811,435.1689,675,RLUS1353,15,GLU-2
511,3.811,436.1683,109,RLUS1353,15,GLU-2
511,3.811,437.1697,270,RLUS1353,15,GLU-2
511,3.811,448.2866,109,RLUS1353,15,GLU-2
511,3.811,449.2834,150,RLUS1353,15,GLU-2
511,3.811,450.3,1198,RLUS1353,15,GLU-2
511,3.811,451.3022,1962,RLUS1353,15,GLU-2
511,3.811,452.2992,315,RLUS1353,15,GLU-2
511,3.811,466.2976,896,RLUS1353,15,GLU-2
511,3.811,467.2971,883,RLUS1353,15,GLU-2
511,3.811,468.3046,1009,RLUS1353,15,GLU-2
511,3.811,469.3115,346,RLUS1353,15,GLU-2
511,3.811,469.3408,141,RLUS1353,15,GLU-2
512,3.818,432.2824,104,RLUS1353,15,GLU-2
512,3.818,433.2909,245,RLUS1353,15,GLU-2
512,3.818,435.1704,703,RLUS1353,15,GLU-2
512,3.818,437.1698,437,RLUS1353,15,GLU-2
512,3.818,438.1592,115,RLUS1353,15,GLU-2
512,3.818,439.1646,150,RLUS1353,15,GLU-2
512,3.818,450.3036,1300,RLUS1353,15,GLU-2
512,3.818,451.2996,1487,RLUS1353,15,GLU-2
512,3.818,452.2982,405,RLUS1353,15,GLU-2
512,3.818,463.12,104,RLUS1353,15,GLU-2
512,3.818,466.2964,325,RLUS1353,15,GLU-2
512,3.818,467.2966,625,RLUS1353,15,GLU-2
512,3.818,468.2995,526,RLUS1353,15,GLU-2
512,3.818,469.3123,470,RLUS1353,15,GLU-2
23,3.699,451.789,155,RLUS1353,15,GLU-3
23,3.699,453.1097,171,RLUS1353,15,GLU-3
23,3.699,453.7836,708,RLUS1353,15,GLU-3
23,3.699,466.8228,109,RLUS1353,15,GLU-3
23,3.699,467.8036,123,RLUS1353,15,GLU-3
496,3.704,435.1659,1113,RLUS1353,15,GLU-3
496,3.704,436.1707,370,RLUS1353,15,GLU-3
496,3.704,437.1634,416,RLUS1353,15,GLU-3
496,3.704,438.1688,119,RLUS1353,15,GLU-3
496,3.704,439.1583,125,RLUS1353,15,GLU-3
496,3.704,443.2851,129,RLUS1353,15,GLU-3
496,3.704,448.2234,126,RLUS1353,15,GLU-3
496,3.704,448.2778,140,RLUS1353,15,GLU-3
496,3.704,449.2734,286,RLUS1353,15,GLU-3
496,3.704,450.176,130,RLUS1353,15,GLU-3
496,3.704,450.2989,192,RLUS1353,15,GLU-3
496,3.704,451.2986,478,RLUS1353,15,GLU-3
496,3.704,455.051,103,RLUS1353,15,GLU-3
496,3.704,465.2742,264,RLUS1353,15,GLU-3
496,3.704,466.2904,270,RLUS1353,15,GLU-3
496,3.704,467.2949,526,RLUS1353,15,GLU-3
496,3.704,469.3126,171,RLUS1353,15,GLU-3
496,3.704,470.138,193,RLUS1353,15,GLU-3
497,3.711,434.1657,126,RLUS1353,15,GLU-3
497,3.711,435.1634,714,RLUS1353,15,GLU-3
497,3.711,436.1712,221,RLUS1353,15,GLU-3
497,3.711,437.1686,122,RLUS1353,15,GLU-3
497,3.711,438.1712,138,RLUS1353,15,GLU-3
497,3.711,447.2683,100,RLUS1353,15,GLU-3
497,3.711,448.2883,144,RLUS1353,15,GLU-3
497,3.711,449.288,259,RLUS1353,15,GLU-3
497,3.711,449.3943,121,RLUS1353,15,GLU-3
497,3.711,450.3021,225,RLUS1353,15,GLU-3
497,3.711,451.298,157,RLUS1353,15,GLU-3
497,3.711,453.078,104,RLUS1353,15,GLU-3
497,3.711,458.2924,129,RLUS1353,15,GLU-3
497,3.711,466.2926,420,RLUS1353,15,GLU-3
497,3.711,467.2944,373,RLUS1353,15,GLU-3
497,3.711,468.3026,138,RLUS1353,15,GLU-3
497,3.711,469.0915,149,RLUS1353,15,GLU-3
498,3.718,432.2358,148,RLUS1353,15,GLU-3
498,3.718,433.2911,157,RLUS1353,15,GLU-3
498,3.718,435.1692,729,RLUS1353,15,GLU-3
498,3.718,436.1666,194,RLUS1353,15,GLU-3
498,3.718,436.948,110,RLUS1353,15,GLU-3
498,3.718,437.1652,281,RLUS1353,15,GLU-3
498,3.718,448.286,104,RLUS1353,15,GLU-3
498,3.718,449.293,124,RLUS1353,15,GLU-3
498,3.718,450.2975,350,RLUS1353,15,GLU-3
498,3.718,451.2962,433,RLUS1353,15,GLU-3
498,3.718,452.3012,216,RLUS1353,15,GLU-3
498,3.718,466.2987,206,RLUS1353,15,GLU-3
498,3.718,467.2918,361,RLUS1353,15,GLU-3
498,3.718,468.3164,120,RLUS1353,15,GLU-3
499,3.725,432.2361,361,RLUS1353,15,GLU-3
499,3.725,433.2383,146,RLUS1353,15,GLU-3
499,3.725,434.2904,106,RLUS1353,15,GLU-3
499,3.725,435.1667,602,RLUS1353,15,GLU-3
499,3.725,436.1775,106,RLUS1353,15,GLU-3
499,3.725,437.1618,287,RLUS1353,15,GLU-3
499,3.725,448.6688,126,RLUS1353,15,GLU-3
499,3.725,449.2899,122,RLUS1353,15,GLU-3
499,3.725,450.297,214,RLUS1353,15,GLU-3
499,3.725,451.3018,727,RLUS1353,15,GLU-3
499,3.725,452.3042,343,RLUS1353,15,GLU-3
499,3.725,453.1702,111,RLUS1353,15,GLU-3
499,3.725,460.2294,157,RLUS1353,15,GLU-3
499,3.725,466.2943,231,RLUS1353,15,GLU-3
499,3.725,467.2858,229,RLUS1353,15,GLU-3
499,3.725,468.3166,189,RLUS1353,15,GLU-3
499,3.725,469.0918,119,RLUS1353,15,GLU-3
499,3.725,469.297,103,RLUS1353,15,GLU-3
500,3.732,432.2414,613,RLUS1353,15,GLU-3
500,3.732,432.2916,293,RLUS1353,15,GLU-3
500,3.732,433.2426,140,RLUS1353,15,GLU-3
500,3.732,433.2902,204,RLUS1353,15,GLU-3
500,3.732,434.292,340,RLUS1353,15,GLU-3
500,3.732,435.1685,708,RLUS1353,15,GLU-3
500,3.732,436.161,185,RLUS1353,15,GLU-3
500,3.732,437.1663,408,RLUS1353,15,GLU-3
500,3.732,438.1758,104,RLUS1353,15,GLU-3
500,3.732,438.2334,153,RLUS1353,15,GLU-3
500,3.732,449.2812,149,RLUS1353,15,GLU-3
500,3.732,449.3736,103,RLUS1353,15,GLU-3
500,3.732,450.3,2252,RLUS1353,15,GLU-3
500,3.732,451.2979,3374,RLUS1353,15,GLU-3
500,3.732,452.3004,1097,RLUS1353,15,GLU-3
500,3.732,453.3072,171,RLUS1353,15,GLU-3
500,3.732,456.2622,130,RLUS1353,15,GLU-3
500,3.732,457.2694,301,RLUS1353,15,GLU-3
500,3.732,460.2242,196,RLUS1353,15,GLU-3
500,3.732,467.2854,333,RLUS1353,15,GLU-3
500,3.732,468.3078,490,RLUS1353,15,GLU-3
500,3.732,469.3068,1004,RLUS1353,15,GLU-3
501,3.74,432.2382,961,RLUS1353,15,GLU-3
501,3.74,432.2872,972,RLUS1353,15,GLU-3
501,3.74,433.2387,174,RLUS1353,15,GLU-3
501,3.74,433.2874,1664,RLUS1353,15,GLU-3
501,3.74,434.2451,154,RLUS1353,15,GLU-3
501,3.74,434.2911,480,RLUS1353,15,GLU-3
501,3.74,435.1728,670,RLUS1353,15,GLU-3
501,3.74,436.1724,197,RLUS1353,15,GLU-3
501,3.74,436.245,105,RLUS1353,15,GLU-3
501,3.74,437.1704,601,RLUS1353,15,GLU-3
501,3.74,448.23,150,RLUS1353,15,GLU-3
501,3.74,449.2732,163,RLUS1353,15,GLU-3
501,3.74,450.2991,9157,RLUS1353,15,GLU-3
501,3.74,451.2981,13893,RLUS1353,15,GLU-3
501,3.74,452.3033,4556,RLUS1353,15,GLU-3
501,3.74,453.301,555,RLUS1353,15,GLU-3
501,3.74,454.3034,106,RLUS1353,15,GLU-3
501,3.74,456.2702,120,RLUS1353,15,GLU-3
501,3.74,457.2685,254,RLUS1353,15,GLU-3
501,3.74,460.2268,261,RLUS1353,15,GLU-3
501,3.74,461.2322,103,RLUS1353,15,GLU-3
501,3.74,466.298,389,RLUS1353,15,GLU-3
501,3.74,467.2961,516,RLUS1353,15,GLU-3
501,3.74,468.3088,3038,RLUS1353,15,GLU-3
501,3.74,469.0831,147,RLUS1353,15,GLU-3
501,3.74,469.3108,4780,RLUS1353,15,GLU-3
502,3.747,431.2509,100,RLUS1353,15,GLU-3
502,3.747,432.2388,789,RLUS1353,15,GLU-3
502,3.747,432.2901,2381,RLUS1353,15,GLU-3
502,3.747,433.2844,4059,RLUS1353,15,GLU-3
502,3.747,434.2918,1092,RLUS1353,15,GLU-3
502,3.747,435.1626,831,RLUS1353,15,GLU-3
502,3.747,435.2968,213,RLUS1353,15,GLU-3
502,3.747,437.1686,321,RLUS1353,15,GLU-3
502,3.747,438.4744,100,RLUS1353,15,GLU-3
502,3.747,448.281,480,RLUS1353,15,GLU-3
502,3.747,449.2805,440,RLUS1353,15,GLU-3
502,3.747,450.301,24540,RLUS1353,15,GLU-3
502,3.747,451.2978,34542,RLUS1353,15,GLU-3
502,3.747,452.3019,9678,RLUS1353,15,GLU-3
502,3.747,453.1692,109,RLUS1353,15,GLU-3
502,3.747,453.3032,1689,RLUS1353,15,GLU-3
502,3.747,454.31,216,RLUS1353,15,GLU-3
502,3.747,457.2804,119,RLUS1353,15,GLU-3
502,3.747,460.2354,281,RLUS1353,15,GLU-3
502,3.747,466.2966,556,RLUS1353,15,GLU-3
502,3.747,467.2904,551,RLUS1353,15,GLU-3
502,3.747,468.3094,8043,RLUS1353,15,GLU-3
502,3.747,469.0998,179,RLUS1353,15,GLU-3
502,3.747,469.3089,11932,RLUS1353,15,GLU-3
503,3.754,432.2354,505,RLUS1353,15,GLU-3
503,3.754,432.2899,5015,RLUS1353,15,GLU-3
503,3.754,433.2891,6564,RLUS1353,15,GLU-3
503,3.754,434.2277,141,RLUS1353,15,GLU-3
503,3.754,434.29,1631,RLUS1353,15,GLU-3
503,3.754,435.169,942,RLUS1353,15,GLU-3
503,3.754,435.3002,212,RLUS1353,15,GLU-3
503,3.754,436.1616,309,RLUS1353,15,GLU-3
503,3.754,437.168,371,RLUS1353,15,GLU-3
503,3.754,438.1746,125,RLUS1353,15,GLU-3
503,3.754,448.2849,648,RLUS1353,15,GLU-3
503,3.754,449.2868,451,RLUS1353,15,GLU-3
503,3.754,450.3008,38371,RLUS1353,15,GLU-3
503,3.754,451.299,51660,RLUS1353,15,GLU-3
503,3.754,451.3776,123,RLUS1353,15,GLU-3
503,3.754,452.3016,14603,RLUS1353,15,GLU-3
503,3.754,453.1679,183,RLUS1353,15,GLU-3
503,3.754,453.3035,2676,RLUS1353,15,GLU-3
503,3.754,454.3102,240,RLUS1353,15,GLU-3
503,3.754,460.2216,127,RLUS1353,15,GLU-3
503,3.754,464.2754,123,RLUS1353,15,GLU-3
503,3.754,465.28,179,RLUS1353,15,GLU-3
503,3.754,466.2955,600,RLUS1353,15,GLU-3
503,3.754,467.2928,972,RLUS1353,15,GLU-3
503,3.754,468.3098,11538,RLUS1353,15,GLU-3
503,3.754,469.3095,16048,RLUS1353,15,GLU-3
504,3.761,431.2678,103,RLUS1353,15,GLU-3
504,3.761,432.2886,3280,RLUS1353,15,GLU-3
504,3.761,433.2866,5233,RLUS1353,15,GLU-3
504,3.761,434.2916,1545,RLUS1353,15,GLU-3
504,3.761,435.1668,1002,RLUS1353,15,GLU-3
504,3.761,435.2448,209,RLUS1353,15,GLU-3
504,3.761,435.293,312,RLUS1353,15,GLU-3
504,3.761,436.1638,241,RLUS1353,15,GLU-3
504,3.761,437.164,534,RLUS1353,15,GLU-3
504,3.761,438.1785,194,RLUS1353,15,GLU-3
504,3.761,439.184,125,RLUS1353,15,GLU-3
504,3.761,448.2864,374,RLUS1353,15,GLU-3
504,3.761,449.287,233,RLUS1353,15,GLU-3
504,3.761,450.233,108,RLUS1353,15,GLU-3
504,3.761,450.3005,30377,RLUS1353,15,GLU-3
504,3.761,451.1629,135,RLUS1353,15,GLU-3
504,3.761,451.2988,41830,RLUS1353,15,GLU-3
504,3.761,452.3031,12104,RLUS1353,15,GLU-3
504,3.761,453.3052,2152,RLUS1353,15,GLU-3
504,3.761,454.3107,253,RLUS1353,15,GLU-3
504,3.761,460.2294,129,RLUS1353,15,GLU-3
504,3.761,464.2742,135,RLUS1353,15,GLU-3
504,3.761,465.2898,334,RLUS1353,15,GLU-3
504,3.761,466.2971,1096,RLUS1353,15,GLU-3
504,3.761,467.2932,864,RLUS1353,15,GLU-3
504,3.761,468.3112,9839,RLUS1353,15,GLU-3
504,3.761,469.3094,13642,RLUS1353,15,GLU-3
505,3.768,431.2802,121,RLUS1353,15,GLU-3
505,3.768,432.238,100,RLUS1353,15,GLU-3
505,3.768,432.2906,2086,RLUS1353,15,GLU-3
505,3.768,433.2886,3055,RLUS1353,15,GLU-3
505,3.768,434.2888,650,RLUS1353,15,GLU-3
505,3.768,435.1664,1148,RLUS1353,15,GLU-3
505,3.768,435.3012,132,RLUS1353,15,GLU-3
505,3.768,436.1576,165,RLUS1353,15,GLU-3
505,3.768,437.1638,750,RLUS1353,15,GLU-3
505,3.768,448.2837,111,RLUS1353,15,GLU-3
505,3.768,449.284,390,RLUS1353,15,GLU-3
505,3.768,450.3008,19245,RLUS1353,15,GLU-3
505,3.768,451.2988,24702,RLUS1353,15,GLU-3
505,3.768,452.3025,7432,RLUS1353,15,GLU-3
505,3.768,453.302,1117,RLUS1353,15,GLU-3
505,3.768,454.3208,197,RLUS1353,15,GLU-3
505,3.768,464.2723,140,RLUS1353,15,GLU-3
505,3.768,465.281,236,RLUS1353,15,GLU-3
505,3.768,466.2936,515,RLUS1353,15,GLU-3
505,3.768,467.2924,664,RLUS1353,15,GLU-3
505,3.768,468.3114,5690,RLUS1353,15,GLU-3
505,3.768,469.3096,7780,RLUS1353,15,GLU-3
506,3.775,432.2364,102,RLUS1353,15,GLU-3
506,3.775,432.2873,931,RLUS1353,15,GLU-3
506,3.775,433.1834,113,RLUS1353,15,GLU-3
506,3.775,433.291,1104,RLUS1353,15,GLU-3
506,3.775,434.2916,294,RLUS1353,15,GLU-3
506,3.775,435.1668,753,RLUS1353,15,GLU-3
506,3.775,436.1663,124,RLUS1353,15,GLU-3
506,3.775,437.1722,314,RLUS1353,15,GLU-3
506,3.775,438.1694,153,RLUS1353,15,GLU-3
506,3.775,446.2577,108,RLUS1353,15,GLU-3
506,3.775,449.2825,141,RLUS1353,15,GLU-3
506,3.775,450.3007,7002,RLUS1353,15,GLU-3
506,3.775,451.2988,9749,RLUS1353,15,GLU-3
506,3.775,452.3008,2644,RLUS1353,15,GLU-3
506,3.775,453.3038,365,RLUS1353,15,GLU-3
506,3.775,465.2814,119,RLUS1353,15,GLU-3
506,3.775,466.29,358,RLUS1353,15,GLU-3
506,3.775,467.2957,265,RLUS1353,15,GLU-3
506,3.775,468.3114,2444,RLUS1353,15,GLU-3
506,3.775,469.3094,2764,RLUS1353,15,GLU-3
507,3.782,432.2468,129,RLUS1353,15,GLU-3
507,3.782,432.2957,213,RLUS1353,15,GLU-3
507,3.782,433.2884,401,RLUS1353,15,GLU-3
507,3.782,435.1672,759,RLUS1353,15,GLU-3
507,3.782,435.29,101,RLUS1353,15,GLU-3
507,3.782,437.1676,381,RLUS1353,15,GLU-3
507,3.782,450.3011,3719,RLUS1353,15,GLU-3
507,3.782,451.3008,5464,RLUS1353,15,GLU-3
507,3.782,452.3022,1697,RLUS1353,15,GLU-3
507,3.782,453.3048,198,RLUS1353,15,GLU-3
507,3.782,466.293,250,RLUS1353,15,GLU-3
507,3.782,467.29,345,RLUS1353,15,GLU-3
507,3.782,468.3108,1318,RLUS1353,15,GLU-3
507,3.782,469.3118,1793,RLUS1353,15,GLU-3
508,3.79,432.2853,424,RLUS1353,15,GLU-3
508,3.79,433.2871,436,RLUS1353,15,GLU-3
508,3.79,434.2838,105,RLUS1353,15,GLU-3
508,3.79,435.1666,781,RLUS1353,15,GLU-3
508,3.79,435.23,215,RLUS1353,15,GLU-3
508,3.79,436.1714,124,RLUS1353,15,GLU-3
508,3.79,437.1664,357,RLUS1353,15,GLU-3
508,3.79,438.1742,153,RLUS1353,15,GLU-3
508,3.79,448.2888,138,RLUS1353,15,GLU-3
508,3.79,449.2613,137,RLUS1353,15,GLU-3
508,3.79,450.2994,3549,RLUS1353,15,GLU-3
508,3.79,451.3012,5152,RLUS1353,15,GLU-3
508,3.79,452.299,1117,RLUS1353,15,GLU-3
508,3.79,465.0521,111,RLUS1353,15,GLU-3
508,3.79,466.2974,467,RLUS1353,15,GLU-3
508,3.79,467.2924,639,RLUS1353,15,GLU-3
508,3.79,468.3118,917,RLUS1353,15,GLU-3
508,3.79,469.3088,1603,RLUS1353,15,GLU-3
509,3.797,432.2846,357,RLUS1353,15,GLU-3
509,3.797,433.2886,489,RLUS1353,15,GLU-3
509,3.797,435.1663,736,RLUS1353,15,GLU-3
509,3.797,435.2272,166,RLUS1353,15,GLU-3
509,3.797,436.1708,121,RLUS1353,15,GLU-3
509,3.797,437.1686,384,RLUS1353,15,GLU-3
509,3.797,438.1714,173,RLUS1353,15,GLU-3
509,3.797,450.301,2636,RLUS1353,15,GLU-3
509,3.797,451.3004,4324,RLUS1353,15,GLU-3
509,3.797,452.3022,1320,RLUS1353,15,GLU-3
509,3.797,453.3079,154,RLUS1353,15,GLU-3
509,3.797,460.2519,106,RLUS1353,15,GLU-3
509,3.797,466.293,403,RLUS1353,15,GLU-3
509,3.797,467.2942,628,RLUS1353,15,GLU-3
509,3.797,468.3104,1359,RLUS1353,15,GLU-3
509,3.797,469.3086,1398,RLUS1353,15,GLU-3
510,3.804,432.2886,216,RLUS1353,15,GLU-3
510,3.804,433.2882,378,RLUS1353,15,GLU-3
510,3.804,434.2316,110,RLUS1353,15,GLU-3
510,3.804,434.2894,138,RLUS1353,15,GLU-3
510,3.804,435.1689,703,RLUS1353,15,GLU-3
510,3.804,435.2317,169,RLUS1353,15,GLU-3
510,3.804,436.1674,119,RLUS1353,15,GLU-3
510,3.804,436.9566,196,RLUS1353,15,GLU-3
510,3.804,437.165,435,RLUS1353,15,GLU-3
510,3.804,438.1708,140,RLUS1353,15,GLU-3
510,3.804,449.2854,115,RLUS1353,15,GLU-3
510,3.804,450.302,2264,RLUS1353,15,GLU-3
510,3.804,451.2984,3212,RLUS1353,15,GLU-3
510,3.804,452.304,1130,RLUS1353,15,GLU-3
510,3.804,453.3069,138,RLUS1353,15,GLU-3
510,3.804,457.2726,137,RLUS1353,15,GLU-3
510,3.804,465.2764,194,RLUS1353,15,GLU-3
510,3.804,466.2966,680,RLUS1353,15,GLU-3
510,3.804,467.2956,542,RLUS1353,15,GLU-3
510,3.804,468.3084,1222,RLUS1353,15,GLU-3
510,3.804,469.3106,978,RLUS1353,15,GLU-3
511,3.811,432.2924,223,RLUS1353,15,GLU-3
511,3.811,433.2828,277,RLUS1353,15,GLU-3
511,3.811,434.2312,118,RLUS1353,15,GLU-3
511,3.811,435.1678,839,RLUS1353,15,GLU-3
511,3.811,437.1602,188,RLUS1353,15,GLU-3
511,3.811,438.1748,109,RLUS1353,15,GLU-3
511,3.811,447.4638,106,RLUS1353,15,GLU-3
511,3.811,450.299,2069,RLUS1353,15,GLU-3
511,3.811,451.3004,2873,RLUS1353,15,GLU-3
511,3.811,452.3045,808,RLUS1353,15,GLU-3
511,3.811,453.305,225,RLUS1353,15,GLU-3
511,3.811,466.3002,401,RLUS1353,15,GLU-3
511,3.811,467.293,331,RLUS1353,15,GLU-3
511,3.811,468.3083,906,RLUS1353,15,GLU-3
511,3.811,469.3067,1135,RLUS1353,15,GLU-3
511,3.811,470.148,125,RLUS1353,15,GLU-3
512,3.818,432.2888,115,RLUS1353,15,GLU-3
512,3.818,433.2926,190,RLUS1353,15,GLU-3
512,3.818,435.1623,537,RLUS1353,15,GLU-3
512,3.818,435.2204,119,RLUS1353,15,GLU-3
512,3.818,436.1782,110,RLUS1353,15,GLU-3
512,3.818,437.1627,230,RLUS1353,15,GLU-3
512,3.818,448.2832,110,RLUS1353,15,GLU-3
512,3.818,449.2891,167,RLUS1353,15,GLU-3
512,3.818,450.3001,1825,RLUS1353,15,GLU-3
512,3.818,451.2996,2235,RLUS1353,15,GLU-3
512,3.818,452.2992,692,RLUS1353,15,GLU-3
512,3.818,453.3,182,RLUS1353,15,GLU-3
512,3.818,466.2886,410,RLUS1353,15,GLU-3
512,3.818,467.2972,226,RLUS1353,15,GLU-3
512,3.818,468.3156,446,RLUS1353,15,GLU-3
512,3.818,469.3091,536,RLUS1353,15,GLU-3
23,3.699,434.7187,111,RLUS1353,15,GLU-4
23,3.699,453.7714,107,RLUS1353,15,GLU-4
23,3.699,453.7847,300,RLUS1353,15,GLU-4
496,3.704,432.2496,117,RLUS1353,15,GLU-4
496,3.704,435.1664,920,RLUS1353,15,GLU-4
496,3.704,437.1688,321,RLUS1353,15,GLU-4
496,3.704,438.2214,119,RLUS1353,15,GLU-4
496,3.704,441.0879,102,RLUS1353,15,GLU-4
496,3.704,450.299,202,RLUS1353,15,GLU-4
496,3.704,451.2952,115,RLUS1353,15,GLU-4
496,3.704,467.2986,187,RLUS1353,15,GLU-4
497,3.711,434.2096,124,RLUS1353,15,GLU-4
497,3.711,435.1698,634,RLUS1353,15,GLU-4
497,3.711,436.1763,169,RLUS1353,15,GLU-4
497,3.711,437.1632,564,RLUS1353,15,GLU-4
497,3.711,449.2732,337,RLUS1353,15,GLU-4
497,3.711,449.386,115,RLUS1353,15,GLU-4
497,3.711,450.2938,161,RLUS1353,15,GLU-4
497,3.711,451.2968,267,RLUS1353,15,GLU-4
497,3.711,465.1284,128,RLUS1353,15,GLU-4
497,3.711,466.2976,232,RLUS1353,15,GLU-4
497,3.711,467.2966,167,RLUS1353,15,GLU-4
498,3.718,431.233,108,RLUS1353,15,GLU-4
498,3.718,432.2338,108,RLUS1353,15,GLU-4
498,3.718,433.2864,100,RLUS1353,15,GLU-4
498,3.718,435.1666,654,RLUS1353,15,GLU-4
498,3.718,436.1536,125,RLUS1353,15,GLU-4
498,3.718,437.1716,279,RLUS1353,15,GLU-4
498,3.718,448.2836,120,RLUS1353,15,GLU-4
498,3.718,449.2782,113,RLUS1353,15,GLU-4
498,3.718,449.3816,137,RLUS1353,15,GLU-4
498,3.718,450.2993,378,RLUS1353,15,GLU-4
498,3.718,451.2983,323,RLUS1353,15,GLU-4
498,3.718,464.2889,126,RLUS1353,15,GLU-4
498,3.718,466.2906,202,RLUS1353,15,GLU-4
498,3.718,467.2876,264,RLUS1353,15,GLU-4
498,3.718,468.305,119,RLUS1353,15,GLU-4
499,3.725,432.2413,334,RLUS1353,15,GLU-4
499,3.725,435.1704,616,RLUS1353,15,GLU-4
499,3.725,436.1672,317,RLUS1353,15,GLU-4
499,3.725,437.1668,324,RLUS1353,15,GLU-4
499,3.725,449.3832,228,RLUS1353,15,GLU-4
499,3.725,450.3012,406,RLUS1353,15,GLU-4
499,3.725,451.3044,733,RLUS1353,15,GLU-4
499,3.725,452.2966,148,RLUS1353,15,GLU-4
499,3.725,454.1054,105,RLUS1353,15,GLU-4
499,3.725,456.2744,178,RLUS1353,15,GLU-4
499,3.725,465.267,111,RLUS1353,15,GLU-4
499,3.725,466.3006,140,RLUS1353,15,GLU-4
499,3.725,467.2934,107,RLUS1353,15,GLU-4
499,3.725,469.3028,212,RLUS1353,15,GLU-4
499,3.725,470.1434,164,RLUS1353,15,GLU-4
499,3.725,470.2562,123,RLUS1353,15,GLU-4
500,3.732,432.2357,504,RLUS1353,15,GLU-4
500,3.732,432.2898,388,RLUS1353,15,GLU-4
500,3.732,433.2438,182,RLUS1353,15,GLU-4
500,3.732,433.2918,384,RLUS1353,15,GLU-4
500,3.732,434.2819,113,RLUS1353,15,GLU-4
500,3.732,435.1666,552,RLUS1353,15,GLU-4
500,3.732,436.1764,103,RLUS1353,15,GLU-4
500,3.732,437.166,440,RLUS1353,15,GLU-4
500,3.732,449.3846,121,RLUS1353,15,GLU-4
500,3.732,450.301,2042,RLUS1353,15,GLU-4
500,3.732,450.3766,129,RLUS1353,15,GLU-4
500,3.732,451.2982,2923,RLUS1353,15,GLU-4
500,3.732,452.2984,1116,RLUS1353,15,GLU-4
500,3.732,453.3094,130,RLUS1353,15,GLU-4
500,3.732,456.2769,160,RLUS1353,15,GLU-4
500,3.732,457.276,361,RLUS1353,15,GLU-4
500,3.732,466.2956,132,RLUS1353,15,GLU-4
500,3.732,467.291,248,RLUS1353,15,GLU-4
500,3.732,468.3101,841,RLUS1353,15,GLU-4
500,3.732,469.3144,978,RLUS1353,15,GLU-4
501,3.74,431.2578,120,RLUS1353,15,GLU-4
501,3.74,432.2369,586,RLUS1353,15,GLU-4
501,3.74,432.2886,481,RLUS1353,15,GLU-4
501,3.74,433.2836,991,RLUS1353,15,GLU-4
501,3.74,434.2935,361,RLUS1353,15,GLU-4
501,3.74,435.1706,341,RLUS1353,15,GLU-4
501,3.74,436.1623,163,RLUS1353,15,GLU-4
501,3.74,437.1722,338,RLUS1353,15,GLU-4
501,3.74,448.2858,280,RLUS1353,15,GLU-4
501,3.74,449.2884,205,RLUS1353,15,GLU-4
501,3.74,450.3014,8785,RLUS1353,15,GLU-4
501,3.74,451.2988,11030,RLUS1353,15,GLU-4
501,3.74,452.3007,3538,RLUS1353,15,GLU-4
501,3.74,453.3061,603,RLUS1353,15,GLU-4
501,3.74,454.296,108,RLUS1353,15,GLU-4
501,3.74,456.2732,269,RLUS1353,15,GLU-4
501,3.74,457.2693,392,RLUS1353,15,GLU-4
501,3.74,459.232,113,RLUS1353,15,GLU-4
501,3.74,460.2222,134,RLUS1353,15,GLU-4
501,3.74,466.2922,328,RLUS1353,15,GLU-4
501,3.74,467.2957,488,RLUS1353,15,GLU-4
501,3.74,468.3095,3490,RLUS1353,15,GLU-4
501,3.74,469.3099,4227,RLUS1353,15,GLU-4
502,3.747,432.2374,372,RLUS1353,15,GLU-4
502,3.747,432.2888,1949,RLUS1353,15,GLU-4
502,3.747,433.2866,3148,RLUS1353,15,GLU-4
502,3.747,434.2916,630,RLUS1353,15,GLU-4
502,3.747,435.1676,643,RLUS1353,15,GLU-4
502,3.747,436.1658,113,RLUS1353,15,GLU-4
502,3.747,437.1594,289,RLUS1353,15,GLU-4
502,3.747,437.2441,106,RLUS1353,15,GLU-4
502,3.747,447.4362,127,RLUS1353,15,GLU-4
502,3.747,448.2868,294,RLUS1353,15,GLU-4
502,3.747,449.2829,491,RLUS1353,15,GLU-4
502,3.747,450.2398,124,RLUS1353,15,GLU-4
502,3.747,450.3018,20236,RLUS1353,15,GLU-4
502,3.747,451.2998,27385,RLUS1353,15,GLU-4
502,3.747,452.3012,7992,RLUS1353,15,GLU-4
502,3.747,453.189,137,RLUS1353,15,GLU-4
502,3.747,453.305,1198,RLUS1353,15,GLU-4
502,3.747,454.308,265,RLUS1353,15,GLU-4
502,3.747,456.2707,149,RLUS1353,15,GLU-4
502,3.747,457.2629,143,RLUS1353,15,GLU-4
502,3.747,460.2342,191,RLUS1353,15,GLU-4
502,3.747,464.109,114,RLUS1353,15,GLU-4
502,3.747,465.2854,104,RLUS1353,15,GLU-4
502,3.747,466.3012,285,RLUS1353,15,GLU-4
502,3.747,467.2944,795,RLUS1353,15,GLU-4
502,3.747,468.3116,7670,RLUS1353,15,GLU-4
502,3.747,469.309,10195,RLUS1353,15,GLU-4
503,3.754,431.2755,111,RLUS1353,15,GLU-4
503,3.754,432.2903,3310,RLUS1353,15,GLU-4
503,3.754,433.287,5026,RLUS1353,15,GLU-4
503,3.754,434.2101,101,RLUS1353,15,GLU-4
503,3.754,434.2919,1292,RLUS1353,15,GLU-4
503,3.754,435.1669,877,RLUS1353,15,GLU-4
503,3.754,435.2972,231,RLUS1353,15,GLU-4
503,3.754,436.1663,169,RLUS1353,15,GLU-4
503,3.754,437.1624,312,RLUS1353,15,GLU-4
503,3.754,438.1663,114,RLUS1353,15,GLU-4
503,3.754,448.2856,428,RLUS1353,15,GLU-4
503,3.754,449.2838,785,RLUS1353,15,GLU-4
503,3.754,450.3008,30928,RLUS1353,15,GLU-4
503,3.754,451.299,41827,RLUS1353,15,GLU-4
503,3.754,452.3016,10918,RLUS1353,15,GLU-4
503,3.754,453.306,1773,RLUS1353,15,GLU-4
503,3.754,454.3029,185,RLUS1353,15,GLU-4
503,3.754,460.2326,158,RLUS1353,15,GLU-4
503,3.754,464.2786,101,RLUS1353,15,GLU-4
503,3.754,465.2809,111,RLUS1353,15,GLU-4
503,3.754,466.296,794,RLUS1353,15,GLU-4
503,3.754,467.2938,881,RLUS1353,15,GLU-4
503,3.754,468.3102,9615,RLUS1353,15,GLU-4
503,3.754,469.108,102,RLUS1353,15,GLU-4
503,3.754,469.169,122,RLUS1353,15,GLU-4
503,3.754,469.3093,14050,RLUS1353,15,GLU-4
504,3.761,432.2447,219,RLUS1353,15,GLU-4
504,3.761,432.2894,2789,RLUS1353,15,GLU-4
504,3.761,433.2878,3192,RLUS1353,15,GLU-4
504,3.761,434.2934,1008,RLUS1353,15,GLU-4
504,3.761,435.1142,101,RLUS1353,15,GLU-4
504,3.761,435.1652,963,RLUS1353,15,GLU-4
504,3.761,436.171,122,RLUS1353,15,GLU-4
504,3.761,437.1614,576,RLUS1353,15,GLU-4
504,3.761,444.7603,105,RLUS1353,15,GLU-4
504,3.761,448.2866,203,RLUS1353,15,GLU-4
504,3.761,449.286,372,RLUS1353,15,GLU-4
504,3.761,450.2336,159,RLUS1353,15,GLU-4
504,3.761,450.3014,25890,RLUS1353,15,GLU-4
504,3.761,451.2994,35510,RLUS1353,15,GLU-4
504,3.761,452.3032,9651,RLUS1353,15,GLU-4
504,3.761,453.3072,1504,RLUS1353,15,GLU-4
504,3.761,454.3102,386,RLUS1353,15,GLU-4
504,3.761,464.2798,197,RLUS1353,15,GLU-4
504,3.761,465.2826,245,RLUS1353,15,GLU-4
504,3.761,466.2929,814,RLUS1353,15,GLU-4
504,3.761,467.2971,1033,RLUS1353,15,GLU-4
504,3.761,468.3113,8544,RLUS1353,15,GLU-4
504,3.761,469.31,12044,RLUS1353,15,GLU-4
505,3.768,432.2909,1564,RLUS1353,15,GLU-4
505,3.768,433.2892,1757,RLUS1353,15,GLU-4
505,3.768,434.2913,704,RLUS1353,15,GLU-4
505,3.768,435.1683,479,RLUS1353,15,GLU-4
505,3.768,435.3011,176,RLUS1353,15,GLU-4
505,3.768,436.1676,166,RLUS1353,15,GLU-4
505,3.768,437.1665,453,RLUS1353,15,GLU-4
505,3.768,438.1758,161,RLUS1353,15,GLU-4
505,3.768,448.2927,190,RLUS1353,15,GLU-4
505,3.768,450.3015,14615,RLUS1353,15,GLU-4
505,3.768,450.7313,109,RLUS1353,15,GLU-4
505,3.768,451.2994,18909,RLUS1353,15,GLU-4
505,3.768,452.303,5355,RLUS1353,15,GLU-4
505,3.768,453.306,1090,RLUS1353,15,GLU-4
505,3.768,465.2768,208,RLUS1353,15,GLU-4
505,3.768,466.298,457,RLUS1353,15,GLU-4
505,3.768,467.2955,533,RLUS1353,15,GLU-4
505,3.768,468.3102,4290,RLUS1353,15,GLU-4
505,3.768,469.31,5304,RLUS1353,15,GLU-4
506,3.775,432.2902,634,RLUS1353,15,GLU-4
506,3.775,433.2896,852,RLUS1353,15,GLU-4
506,3.775,434.2947,307,RLUS1353,15,GLU-4
506,3.775,435.1676,571,RLUS1353,15,GLU-4
506,3.775,436.1694,197,RLUS1353,15,GLU-4
506,3.775,437.1715,250,RLUS1353,15,GLU-4
506,3.775,448.5478,105,RLUS1353,15,GLU-4
506,3.775,449.2922,113,RLUS1353,15,GLU-4
506,3.775,450.3012,6180,RLUS1353,15,GLU-4
506,3.775,451.2992,7608,RLUS1353,15,GLU-4
506,3.775,452.3026,2267,RLUS1353,15,GLU-4
506,3.775,453.2974,450,RLUS1353,15,GLU-4
506,3.775,464.279,175,RLUS1353,15,GLU-4
506,3.775,465.3268,105,RLUS1353,15,GLU-4
506,3.775,466.2976,296,RLUS1353,15,GLU-4
506,3.775,467.2998,325,RLUS1353,15,GLU-4
506,3.775,468.3099,2460,RLUS1353,15,GLU-4
506,3.775,469.309,3031,RLUS1353,15,GLU-4
506,3.775,470.1436,125,RLUS1353,15,GLU-4
507,3.782,432.2837,145,RLUS1353,15,GLU-4
507,3.782,433.286,265,RLUS1353,15,GLU-4
507,3.782,434.1776,102,RLUS1353,15,GLU-4
507,3.782,434.2894,110,RLUS1353,15,GLU-4
507,3.782,435.1694,591,RLUS1353,15,GLU-4
507,3.782,436.1768,220,RLUS1353,15,GLU-4
507,3.782,437.1667,392,RLUS1353,15,GLU-4
507,3.782,438.1747,108,RLUS1353,15,GLU-4
507,3.782,450.3012,3580,RLUS1353,15,GLU-4
507,3.782,451.2984,5008,RLUS1353,15,GLU-4
507,3.782,452.3038,1185,RLUS1353,15,GLU-4
507,3.782,454.3104,139,RLUS1353,15,GLU-4
507,3.782,456.2593,115,RLUS1353,15,GLU-4
507,3.782,465.285,135,RLUS1353,15,GLU-4
507,3.782,466.2918,255,RLUS1353,15,GLU-4
507,3.782,467.294,388,RLUS1353,15,GLU-4
507,3.782,468.3102,1390,RLUS1353,15,GLU-4
507,3.782,469.1607,104,RLUS1353,15,GLU-4
507,3.782,469.307,1650,RLUS1353,15,GLU-4
508,3.79,432.2428,106,RLUS1353,15,GLU-4
508,3.79,432.29,431,RLUS1353,15,GLU-4
508,3.79,433.2912,307,RLUS1353,15,GLU-4
508,3.79,434.2932,133,RLUS1353,15,GLU-4
508,3.79,435.171,575,RLUS1353,15,GLU-4
508,3.79,435.2327,144,RLUS1353,15,GLU-4
508,3.79,436.1728,107,RLUS1353,15,GLU-4
508,3.79,436.2482,127,RLUS1353,15,GLU-4
508,3.79,437.1644,511,RLUS1353,15,GLU-4
508,3.79,450.3008,2610,RLUS1353,15,GLU-4
508,3.79,451.3002,3775,RLUS1353,15,GLU-4
508,3.79,452.302,1098,RLUS1353,15,GLU-4
508,3.79,453.3114,131,RLUS1353,15,GLU-4
508,3.79,454.3091,124,RLUS1353,15,GLU-4
508,3.79,464.2675,125,RLUS1353,15,GLU-4
508,3.79,466.2948,516,RLUS1353,15,GLU-4
508,3.79,467.294,342,RLUS1353,15,GLU-4
508,3.79,468.3092,1046,RLUS1353,15,GLU-4
508,3.79,469.1598,119,RLUS1353,15,GLU-4
508,3.79,469.3062,1487,RLUS1353,15,GLU-4
509,3.797,432.2928,140,RLUS1353,15,GLU-4
509,3.797,433.2883,405,RLUS1353,15,GLU-4
509,3.797,434.2304,149,RLUS1353,15,GLU-4
509,3.797,434.3015,102,RLUS1353,15,GLU-4
509,3.797,435.1678,472,RLUS1353,15,GLU-4
509,3.797,435.2306,176,RLUS1353,15,GLU-4
509,3.797,436.1736,134,RLUS1353,15,GLU-4
509,3.797,437.1688,331,RLUS1353,15,GLU-4
509,3.797,450.2996,2367,RLUS1353,15,GLU-4
509,3.797,451.2994,3252,RLUS1353,15,GLU-4
509,3.797,452.302,804,RLUS1353,15,GLU-4
509,3.797,453.3036,217,RLUS1353,15,GLU-4
509,3.797,457.2796,141,RLUS1353,15,GLU-4
509,3.797,465.2772,133,RLUS1353,15,GLU-4
509,3.797,466.2958,672,RLUS1353,15,GLU-4
509,3.797,467.2966,694,RLUS1353,15,GLU-4
509,3.797,468.3112,1033,RLUS1353,15,GLU-4
509,3.797,469.3103,1255,RLUS1353,15,GLU-4
510,3.804,431.2494,119,RLUS1353,15,GLU-4
510,3.804,432.2944,287,RLUS1353,15,GLU-4
510,3.804,433.2864,465,RLUS1353,15,GLU-4
510,3.804,435.1702,692,RLUS1353,15,GLU-4
510,3.804,435.2206,113,RLUS1353,15,GLU-4
510,3.804,437.1653,209,RLUS1353,15,GLU-4
510,3.804,450.3008,2457,RLUS1353,15,GLU-4
510,3.804,451.298,3534,RLUS1353,15,GLU-4
510,3.804,452.3044,911,RLUS1353,15,GLU-4
510,3.804,453.3032,155,RLUS1353,15,GLU-4
510,3.804,465.2794,146,RLUS1353,15,GLU-4
510,3.804,466.298,713,RLUS1353,15,GLU-4
510,3.804,467.293,598,RLUS1353,15,GLU-4
510,3.804,468.1562,112,RLUS1353,15,GLU-4
510,3.804,468.3116,1111,RLUS1353,15,GLU-4
510,3.804,469.3102,943,RLUS1353,15,GLU-4
511,3.811,432.2992,237,RLUS1353,15,GLU-4
511,3.811,433.2843,164,RLUS1353,15,GLU-4
511,3.811,434.2912,103,RLUS1353,15,GLU-4
511,3.811,435.1684,687,RLUS1353,15,GLU-4
511,3.811,436.167,254,RLUS1353,15,GLU-4
511,3.811,436.2482,111,RLUS1353,15,GLU-4
511,3.811,437.1668,671,RLUS1353,15,GLU-4
511,3.811,438.1644,144,RLUS1353,15,GLU-4
511,3.811,448.2882,132,RLUS1353,15,GLU-4
511,3.811,450.3004,2282,RLUS1353,15,GLU-4
511,3.811,451.3005,2653,RLUS1353,15,GLU-4
511,3.811,452.3016,855,RLUS1353,15,GLU-4
511,3.811,453.296,120,RLUS1353,15,GLU-4
511,3.811,466.293,456,RLUS1353,15,GLU-4
511,3.811,467.2918,476,RLUS1353,15,GLU-4
511,3.811,468.308,725,RLUS1353,15,GLU-4
511,3.811,469.3108,768,RLUS1353,15,GLU-4
512,3.818,432.2935,126,RLUS1353,15,GLU-4
512,3.818,433.284,346,RLUS1353,15,GLU-4
512,3.818,434.2895,113,RLUS1353,15,GLU-4
512,3.818,435.1702,618,RLUS1353,15,GLU-4
512,3.818,436.1878,165,RLUS1353,15,GLU-4
512,3.818,436.9582,144,RLUS1353,15,GLU-4
512,3.818,437.1668,299,RLUS1353,15,GLU-4
512,3.818,448.2772,106,RLUS1353,15,GLU-4
512,3.818,449.2852,139,RLUS1353,15,GLU-4
512,3.818,450.2994,1950,RLUS1353,15,GLU-4
512,3.818,451.3002,2574,RLUS1353,15,GLU-4
512,3.818,452.302,613,RLUS1353,15,GLU-4
512,3.818,465.2748,113,RLUS1353,15,GLU-4
512,3.818,466.2986,329,RLUS1353,15,GLU-4
512,3.818,467.2982,314,RLUS1353,15,GLU-4
512,3.818,468.3085,776,RLUS1353,15,GLU-4
512,3.818,469.3112,889,RLUS1353,15,GLU-4
